'VIL'; 'OSA'; 70.10482497; 67.53451114; 0.0; 0.0; 1; 1; 10
'VIL'; 'COR'; 63.31762764; 65.95616596; 1.0; 2.0; 1; 0; 20
'VIL'; 'NUM'; 70.10482497; 49.89383819; 1.0; 2.0; 2; 1; 10
'VIL'; 'SAN'; 71.07416396; 65.44222077; 1.333333333; 0.666666667; 2; 0; 20
'VIL'; 'SPG'; 63.28278575; 62.94875598; 1.5; 1.5; 1; 0; 10
'VIL'; 'BET'; 70.65100491; 65.02530488; 1.4; 0.6; 2; 1; 20
'VIL'; 'ESP'; 70.92936593; 66.97299292; 1.5; 1.0; 0; 0; 10
'VIL'; 'AMA'; 71.6000286; 69.33369735; 1.285714286; 1.857142857; 4; 4; 20
'VIL'; 'BIL'; 71.04086164; 61.39560286; 1.625; 0.75; 4; 1; 10
'VIL'; 'ALM'; 70.90666251; 65.72321020000001; 1.888888889; 1.111111111; 2; 1; 20
'VIL'; 'MAL'; 71.15616642; 63.86960378; 1.9; 1.8; 2; 2; 10
'VIL'; 'VAL'; 69.8231309; 66.799776; 2.0; 1.7; 0; 3; 20
'VIL'; 'HUE'; 62.64081556; 65.32832258; 1.9; 0.4; 2; 1; 10
'VIL'; 'GET'; 71.02196728; 68.03791306; 1.9; 1.1; 3; 3; 20
'VIL'; 'SEV'; 70.46280033; 69.98699492; 2.0; 1.5; 0; 1; 10
'VIL'; 'BAR'; 70.69050595; 76.38673285; 1.9; 3.4; 1; 2; 20
'VIL'; 'REA'; 71.15616642; 75.55340517; 1.8; 1.6; 0; 1; 10
'VIL'; 'VAL'; 70.78501905; 71.88104379; 1.8; 2.0; 3; 3; 10
'VIL'; 'MAL'; 64.28557113; 66.04200334; 1.7; 1.4; 2; 0; 20
'VIL'; 'OSA'; 63.72422338; 66.75207135; 1.5; 1.7; 1; 1; 20
'VIL'; 'COR'; 63.24917535; 67.35208523; 1.4; 1.4; 0; 3; 10
'VIL'; 'NUM'; 70.26172752; 56.79226432; 1.2; 1.1; 2; 1; 20
'VIL'; 'SAN'; 62.98144309; 67.70909496; 1.4; 1.0; 1; 1; 10
'VIL'; 'SPG'; 63.47783792; 49.43382421; 1.3; 0.8; 2; 1; 20
'VIL'; 'BET'; 63.08977919; 64.84870187; 1.2; 1.1; 2; 2; 10
'VIL'; 'ESP'; 63.99962447; 67.24406074; 1.4; 1.0; 1; 0; 20
'VIL'; 'AMA'; 63.05640348; 69.89053411; 1.4; 1.5; 2; 3; 10
'VIL'; 'BIL'; 63.62550736; 67.85804668; 1.6; 1.6; 2; 0; 20
'VIL'; 'ALM'; 62.10341728; 64.39057786; 1.5; 1.4; 0; 3; 10
'VIL'; 'MAL'; 70.38366927; 64.41810491; 1.3; 1.4; 0; 2; 20
'VIL'; 'VAL'; 70.20393347; 66.1321524; 1.2; 1.7; 0; 0; 10
'VIL'; 'HUE'; 69.19251505; 63.94382068; 1.2; 0.8; 2; 1; 20
'VIL'; 'GET'; 62.35964254; 60.79384881; 1.2; 1.0; 2; 1; 10
'VIL'; 'SEV'; 69.42099028; 69.7046386; 1.3; 1.5; 0; 2; 20
'VIL'; 'BAR'; 69.45514132; 76.71282622; 1.1; 2.9; 3; 3; 10
'VIL'; 'REA'; 69.45514132; 74.19984589; 1.2; 2.2; 3; 2; 20
'VIL'; 'VAL'; 69.45514132; 71.09893082; 1.4; 0.8; 3; 1; 20
'VIL'; 'MAL'; 69.55049041; 66.46955354; 1.5; 1.6; 3; 2; 10
'VIL'; 'OSA'; 69.5269061; 67.71850036; 1.6; 1.3; 1; 1; 10
'VIL'; 'MAL'; 70.58107484; 66.52530948; 1.7; 1.5; 1; 1; 20
'VIL'; 'BIL'; 69.97688412; 66.91876111; 1.8; 0.9; 2; 3; 10
'VIL'; 'REA'; 70.6365009; 74.94107547; 2.0; 2.4; 0; 2; 20
'VIL'; 'COR'; 70.04548218; 67.2857817; 1.8; 1.4; 0; 1; 10
'VIL'; 'ESP'; 71.02196728; 67.23912002; 1.6; 1.7; 0; 0; 20
'VIL'; 'XER'; 71.6000286; 56.0910826; 1.6; 0.166666667; 1; 2; 10
'VIL'; 'MAL'; 68.9098084; 65.045869; 1.4; 1.2; 2; 1; 20
'VIL'; 'TEN'; 68.90637665; 61.25227697; 1.3; 0.625; 5; 0; 20
'VIL'; 'SEV'; 68.79209093; 70.10897016; 1.5; 1.8; 2; 3; 10
'VIL'; 'VAL'; 69.86016409; 65.31390784; 1.4; 1.7; 3; 1; 20
'VIL'; 'SPG'; 70.94747170000001; 65.11926996; 1.6; 1.2; 0; 1; 10
'VIL'; 'GET'; 70.34328097; 67.08945707; 1.5; 1.5; 3; 2; 20
'VIL'; 'AMA'; 69.81589169; 69.96752604; 1.6; 1.6; 2; 1; 10
'VIL'; 'SAN'; 69.63180911; 66.08553312; 1.8; 1.2; 2; 0; 20
'VIL'; 'BAR'; 69.81589169; 75.39372799; 2.0; 2.0; 1; 1; 10
'VIL'; 'ALM'; 71.13003701; 64.48182132; 2.1; 1.1; 1; 1; 20
'VIL'; 'VAL'; 69.29731561; 71.03919359; 2.1; 1.2; 1; 4; 10
'VIL'; 'ZAR'; 71.13003701; 66.22263299; 2.0; 0.7; 4; 2; 20
'VIL'; 'OSA'; 69.76600824; 67.65321111; 1.9; 0.7; 0; 2; 20
'VIL'; 'MAL'; 70.47128122; 66.83337074; 1.7; 1.0; 0; 1; 10
'VIL'; 'BIL'; 69.32902533; 68.10072009999999; 1.4; 1.5; 2; 1; 20
'VIL'; 'REA'; 67.56058925; 74.5037296; 1.6; 2.6; 2; 6; 10
'VIL'; 'COR'; 69.8044314; 65.13433965; 1.5; 0.8; 1; 0; 20
'VIL'; 'ESP'; 69.8044314; 67.0608371; 1.4; 1.0; 0; 0; 10
'VIL'; 'XER'; 70.14642275; 55.42785367; 1.2; 1.2; 2; 0; 20
'VIL'; 'MAL'; 69.00562495; 58.4736976; 1.3; 1.4; 0; 2; 10
'VIL'; 'TEN'; 70.36359836; 55.44280236; 1.2; 1.1; 2; 2; 10
'VIL'; 'SEV'; 69.67144809; 69.70428707; 1.3; 1.2; 3; 0; 20
'VIL'; 'VAL'; 70.14467449; 64.87395569; 1.2; 0.6; 2; 0; 10
'VIL'; 'SPG'; 70.90663866; 63.70218912; 1.4; 1.3; 1; 0; 20
'VIL'; 'GET'; 70.72369547; 65.67578163; 1.5; 1.5; 0; 3; 10
'VIL'; 'AMA'; 69.61559831; 70.20007409; 1.3; 1.5; 2; 1; 20
'VIL'; 'SAN'; 70.14467449; 64.5083481; 1.3; 1.2; 2; 1; 10
'VIL'; 'BAR'; 71.04304279; 75.79297228; 1.4; 2.4; 1; 4; 20
'VIL'; 'ALM'; 70.26559199; 65.60316664; 1.5; 0.6; 2; 4; 10
'VIL'; 'VAL'; 70.46577007; 70.48664611; 1.5; 1.3; 2; 0; 20
'VIL'; 'ZAR'; 71.04304279; 60.79428242; 1.7; 1.1; 3; 3; 10
'VIL'; 'SOC'; 70.47860954; 65.30985067; 1.8; 0.0; 0; 1; 10
'VIL'; 'ESP'; 70.82817664; 67.33437606; 1.5; 1.1; 4; 0; 20
'VIL'; 'LEV'; 70.82817664; 64.82312256; 1.7; 1.0; 2; 1; 10
'VIL'; 'COR'; 70.82817664; 64.64106323; 1.8; 0.4; 1; 0; 20
'VIL'; 'MAL'; 70.82817664; 64.52188962; 1.9; 1.4; 3; 2; 10
'VIL'; 'SAN'; 70.82817664; 64.99636592; 2.0; 0.9; 2; 0; 20
'VIL'; 'HER'; 71.05911763; 57.58169793; 2.0; 0.833333333; 2; 2; 10
'VIL'; 'AMA'; 70.95465542; 71.67422163; 2.1; 1.6; 2; 0; 20
'VIL'; 'SPG'; 71.00593747; 65.51199463; 2.1; 0.9; 1; 1; 10
'VIL'; 'BIL'; 70.47686129; 68.35989065; 2.0; 1.9; 4; 1; 20
'VIL'; 'BAR'; 70.47686129; 76.50200526; 2.1; 2.2; 1; 3; 10
'VIL'; 'VAL'; 71.00593747; 68.51876855; 2.2; 1.3; 1; 1; 20
'VIL'; 'ZAR'; 70.51742598; 65.58763643; 1.9; 0.9; 3; 0; 10
'VIL'; 'SEV'; 69.7344423; 68.31722601; 2.0; 1.4; 1; 0; 20
'VIL'; 'GET'; 70.47860954; 66.66131206; 2.0; 1.5; 0; 1; 10
'VIL'; 'MAL'; 70.82389564; 65.4979267; 1.7; 1.2; 3; 1; 20
'VIL'; 'ALM'; 69.04373436; 65.15929739; 1.8; 1.0; 2; 0; 20
'VIL'; 'REA'; 69.04373436; 76.05711787; 1.8; 2.6; 2; 4; 10
'VIL'; 'OSA'; 68.59160316; 64.92933019; 1.8; 0.8; 4; 2; 20
'VIL'; 'SOC'; 69.85101042; 66.19185251; 2.1; 1.7; 2; 1; 20
'VIL'; 'ESP'; 70.14914562; 66.85320067; 1.9; 1.9; 1; 0; 10
'VIL'; 'LEV'; 70.90528812; 65.54070949999999; 1.9; 1.2; 0; 1; 20
'VIL'; 'COR'; 69.55840352; 65.88113057; 1.8; 0.8; 0; 1; 10
'VIL'; 'MAL'; 69.94414341; 66.75226352; 1.5; 0.9; 1; 1; 20
'VIL'; 'SAN'; 66.13987420000001; 65.75712965; 1.5; 0.9; 2; 2; 10
'VIL'; 'HER'; 70.90528812; 57.06046731; 1.7; 0.6; 1; 0; 20
'VIL'; 'AMA'; 70.60715292; 71.59909604; 1.5; 0.9; 1; 3; 10
'VIL'; 'SPG'; 70.60715292; 64.9783687; 1.4; 1.1; 1; 1; 20
'VIL'; 'BIL'; 69.02243899; 67.93484195; 1.3; 1.7; 1; 0; 10
'VIL'; 'BAR'; 69.02243899; 73.92028681; 1.0; 2.0; 0; 1; 20
'VIL'; 'VAL'; 69.44369347; 70.15304767; 0.8; 1.3; 0; 5; 10
'VIL'; 'ZAR'; 69.45413401; 64.7256274; 0.7; 1.1; 1; 0; 20
'VIL'; 'SEV'; 67.91508639; 68.53177881; 0.8; 1.5; 2; 3; 10
'VIL'; 'GET'; 69.46628035; 65.60043775; 1.0; 0.8; 2; 1; 20
'VIL'; 'MAL'; 69.80544936; 64.79949278; 1.1; 1.7; 0; 0; 10
'VIL'; 'ALM'; 70.72752729; 64.25686951; 0.9; 0.7; 0; 0; 10
'VIL'; 'REA'; 69.30072211; 75.52566969; 0.8; 2.9; 1; 3; 20
'VIL'; 'OSA'; 67.57457048; 66.87430829; 0.8; 1.7; 0; 1; 10
'VIL'; 'BAR'; 70.06634455; 75.87962086; 0.7; 1.6; 0; 5; 10
'VIL'; 'SEV'; 69.08656896; 69.64761854; 0.6; 2.1; 2; 2; 20
'VIL'; 'GRA'; 67.59532166; 65.14562423; 0.8; 0.0; 0; 1; 10
'VIL'; 'MAL'; 68.79846662; 64.55792934; 0.8; 1.4; 2; 0; 20
'VIL'; 'BIL'; 69.83930492; 69.22238567; 0.9; 1.4; 1; 1; 10
'VIL'; 'ZAR'; 68.17617491; 65.95413175; 0.8; 1.3; 2; 2; 20
'VIL'; 'GET'; 69.74501587; 66.73590611; 0.8; 1.1; 0; 0; 10
'VIL'; 'LEV'; 68.87963126; 66.29912214; 0.8; 1.3; 0; 3; 20
'VIL'; 'REA'; 68.68898992; 76.10160525; 0.8; 3.9; 0; 3; 10
'VIL'; 'RAY'; 69.44688068; 65.67926307; 0.7; 1.111111111; 2; 0; 20
'VIL'; 'ESP'; 67.4802132; 66.6381739; 0.9; 0.9; 0; 0; 10
'VIL'; 'BET'; 67.4802132; 65.16262776; 0.9; 0.9; 1; 0; 20
'VIL'; 'MAL'; 68.25510497; 69.73612716; 0.8; 0.9; 1; 2; 10
'VIL'; 'SAN'; 68.29796211; 66.33926439999999; 0.9; 0.6; 0; 1; 10
'VIL'; 'SOC'; 70.19111977; 67.17031094; 0.7; 1.0; 1; 1; 20
'VIL'; 'OSA'; 69.05519589; 65.65516465; 0.7; 1.6; 1; 2; 10
'VIL'; 'VAL'; 70.19111977; 70.89516856; 0.6; 1.7; 2; 2; 20
'VIL'; 'AMA'; 68.93331091; 72.16716436; 0.8; 1.5; 0; 3; 10
'VIL'; 'SPG'; 68.49569192; 64.8576892; 0.8; 1.3; 3; 0; 20
'VIL'; 'BAR'; 68.49569192; 76.29372068; 1.1; 3.2; 0; 0; 20
'VIL'; 'SEV'; 69.44502717; 69.84355055; 0.9; 1.0; 2; 1; 10
'VIL'; 'GRA'; 69.59960333; 65.11300456; 1.1; 1.2; 3; 1; 20
'VIL'; 'MAL'; 69.34437782; 65.3821889; 1.3; 1.1; 0; 4; 10
'VIL'; 'BIL'; 69.43497726; 68.59226055; 1.2; 1.8; 2; 2; 20
'VIL'; 'ZAR'; 69.50968333; 65.31580443; 1.4; 0.7; 1; 2; 10
'VIL'; 'GET'; 69.78673961; 67.35645897; 1.4; 1.0; 1; 2; 20
'VIL'; 'LEV'; 68.12056323; 66.16123517; 1.4; 1.2; 0; 1; 10
'VIL'; 'REA'; 68.06499199; 75.26931061; 1.2; 2.8; 1; 1; 20
'VIL'; 'RAY'; 69.56139423; 65.38246543; 1.3; 2.1; 2; 0; 10
'VIL'; 'ESP'; 68.80525173; 66.09903118; 1.2; 1.6; 0; 0; 20
'VIL'; 'BET'; 69.16334673; 66.19347679; 1.2; 1.2; 1; 3; 10
'VIL'; 'MAL'; 69.05605030000001; 69.67462795; 1.1; 1.7; 2; 1; 20
'VIL'; 'SAN'; 67.7786936; 64.32685034; 1.0; 0.5; 1; 1; 20
'VIL'; 'SOC'; 68.17005224; 66.35367097; 1.1; 1.4; 1; 1; 10
'VIL'; 'OSA'; 68.79957605; 65.57736518; 1.0; 1.0; 1; 1; 20
'VIL'; 'SPG'; 68.08390974; 64.47627879999999; 1.0; 1.5; 3; 2; 10
'VIL'; 'VAL'; 68.22500255; 69.48495073; 1.2; 1.8; 0; 1; 10
'VIL'; 'AMA'; 69.00057640000001; 71.73451061; 1.2; 1.5; 0; 1; 20
'VIL'; 'ALM'; 66.02399584; 63.3159897; 1.1; 0.6; 3; 2; 10
'VIL'; 'VAL'; 66.48169945; 63.12984206; 1.2; 1.5; 2; 1; 20
'VIL'; 'OSA'; 66.37767065; 64.9163155; 1.4; 0.8; 3; 0; 10
'VIL'; 'REA'; 67.03010012; 73.30524713; 1.6; 2.9; 2; 2; 20
'VIL'; 'CEL'; 67.03010012; 63.78998402; 1.6; 1.3; 0; 0; 10
'VIL'; 'ESP'; 66.23232918; 63.75164099; 1.5; 1.0; 2; 1; 20
'VIL'; 'BET'; 66.68422909; 64.79692241; 1.6; 1.2; 0; 1; 10
'VIL'; 'GRA'; 66.58826949; 65.27243633; 1.5; 1.0; 3; 0; 20
'VIL'; 'BIL'; 66.93414052; 68.67268790000001; 1.5; 1.5; 0; 2; 10
'VIL'; 'VAL'; 66.89971734; 68.63193901; 1.5; 1.6; 4; 1; 20
'VIL'; 'GET'; 66.36271195; 66.95359579; 1.9; 1.4; 0; 2; 20
'VIL'; 'ELC'; 67.23927362; 64.3854245; 1.6; 1.2; 1; 0; 10
'VIL'; 'AMA'; 66.80324668; 71.21399602; 1.5; 2.2; 1; 1; 20
'VIL'; 'LEV'; 67.10173592; 66.52387212; 1.3; 1.1; 3; 0; 10
'VIL'; 'MAL'; 67.3696564; 66.50300908; 1.4; 0.9; 1; 1; 20
'VIL'; 'BAR'; 64.62900584; 72.59860617; 1.5; 2.4; 1; 2; 10
'VIL'; 'SEV'; 67.06392047; 68.35285493; 1.4; 2.0; 1; 2; 20
'VIL'; 'RAY'; 65.09651828; 65.56916366; 1.5; 1.1; 5; 2; 10
'VIL'; 'SOC'; 66.44330358; 67.98693892; 1.7; 2.9; 5; 1; 20
'VIL'; 'ALM'; 66.23497025; 62.55282445; 2.2; 1.0; 2; 0; 20
'VIL'; 'VAL'; 66.13901065; 63.29476806; 2.0; 1.4; 0; 1; 10
'VIL'; 'OSA'; 65.8217839; 64.61063275; 2.0; 0.8; 3; 1; 20
'VIL'; 'REA'; 64.99230551; 73.84491178; 2.2; 3.1; 2; 4; 10
'VIL'; 'CEL'; 65.90802839999999; 65.17150601; 2.3; 1.5; 0; 2; 20
'VIL'; 'ESP'; 66.66714123; 65.38402469; 2.0; 1.1; 2; 1; 10
'VIL'; 'BET'; 65.79365504; 64.51074262; 2.1; 0.6; 1; 1; 20
'VIL'; 'GRA'; 66.92510723; 64.20650917; 2.1; 0.8; 0; 2; 10
'VIL'; 'BIL'; 67.77387397; 68.66910663; 2.0; 2.4; 1; 1; 20
'VIL'; 'VAL'; 67.13840859999999; 68.97635513; 1.6; 0.8; 1; 2; 10
'VIL'; 'GET'; 66.53030842; 66.43416813; 1.2; 0.6; 1; 0; 10
'VIL'; 'ELC'; 66.4054339; 65.02272128; 1.1; 0.5; 1; 1; 20
'VIL'; 'AMA'; 66.56762441; 71.42536698; 1.2; 1.7; 0; 1; 10
'VIL'; 'LEV'; 66.75540476; 66.35560411; 0.9; 0.8; 1; 0; 20
'VIL'; 'MAL'; 66.68973215; 66.28192113; 0.8; 1.2; 0; 2; 10
'VIL'; 'BAR'; 67.804177; 74.88191941; 0.8; 2.5; 2; 3; 20
'VIL'; 'SEV'; 67.20703895; 67.33779325; 0.8; 2.3; 0; 0; 10
'VIL'; 'RAY'; 66.60761354; 64.77226807; 0.7; 1.9; 4; 0; 20
'VIL'; 'SOC'; 66.22392705; 67.7714507; 1.1; 1.3; 2; 1; 10
'VIL'; 'LEV'; 68.14681875; 64.58626934; 1.2; 0.9; 2; 0; 10
'VIL'; 'BAR'; 67.71970291; 73.3987848; 1.3; 1.8; 0; 1; 20
'VIL'; 'GRA'; 65.76256366; 63.96412758; 1.2; 0.7; 0; 0; 10
'VIL'; 'RAY'; 66.37388557; 65.6910819; 1.1; 1.6; 4; 2; 20
'VIL'; 'EIB'; 65.69847951; 62.84522381; 1.5; 1.0; 1; 1; 10
'VIL'; 'REA'; 67.75664736; 74.69729413; 1.5; 2.8; 0; 2; 20
'VIL'; 'CEL'; 66.82735241; 64.53487118; 1.5; 2.0; 3; 1; 10
'VIL'; 'ALM'; 66.76944345; 61.51377941; 1.6; 1.2; 2; 0; 20
'VIL'; 'SEV'; 67.27462514; 68.04016257; 1.8; 1.8; 1; 2; 10
'VIL'; 'VAL'; 66.60867997; 68.38518817; 1.5; 2.0; 1; 3; 20
'VIL'; 'ESP'; 67.75524715; 64.39627836; 1.4; 1.0; 1; 1; 10
'VIL'; 'GET'; 66.65437502; 63.52686303; 1.3; 0.7; 2; 1; 20
'VIL'; 'COR'; 67.15451868; 60.80285364; 1.5; 1.0; 2; 0; 10
'VIL'; 'SOC'; 67.69897009; 66.39230578; 1.7; 0.9; 4; 0; 20
'VIL'; 'AMA'; 67.69897009; 71.34681382; 1.7; 2.1; 1; 0; 10
'VIL'; 'COR'; 67.69897009; 64.84983668; 1.7; 0.4; 3; 0; 20
'VIL'; 'ELC'; 67.27462514; 64.18217147; 2.0; 0.8; 2; 2; 10
'VIL'; 'MAL'; 67.91988665; 64.9193915; 1.9; 1.6; 1; 1; 10
'VIL'; 'BIL'; 67.6030105; 66.52338420000001; 1.8; 1.0; 2; 0; 20
'VIL'; 'LEV'; 67.17842738; 65.03185707; 1.9; 0.9; 1; 0; 20
'VIL'; 'BAR'; 67.71683417; 75.21929535; 1.9; 3.1; 2; 3; 10
'VIL'; 'GRA'; 66.50437849; 64.31955508; 2.0; 0.8; 2; 0; 20
'VIL'; 'RAY'; 64.88025962; 58.86401486; 2.0; 0.7; 0; 2; 10
'VIL'; 'EIB'; 65.35261366; 62.36084055; 1.8; 1.1; 1; 0; 20
'VIL'; 'REA'; 64.06113409; 73.16632891; 1.5; 2.3; 1; 1; 10
'VIL'; 'CEL'; 64.52384159; 64.87614586; 1.5; 0.9; 4; 1; 20
'VIL'; 'ALM'; 64.13819783; 62.13560253; 1.6; 0.9; 0; 0; 10
'VIL'; 'SEV'; 66.40566838; 66.68611386; 1.4; 2.1; 0; 2; 20
'VIL'; 'VAL'; 65.60319466; 68.45228774; 1.3; 2.0; 0; 0; 10
'VIL'; 'ESP'; 67.21824219; 63.64010137; 1.1; 1.1; 0; 3; 20
'VIL'; 'GET'; 64.75809344; 65.18758248; 1.0; 1.1; 1; 1; 10
'VIL'; 'COR'; 66.56967614; 61.89904495; 0.9; 0.6; 0; 0; 20
'VIL'; 'SOC'; 66.34139621; 67.65825094; 0.7; 1.4; 0; 0; 10
'VIL'; 'AMA'; 66.09778192; 71.62959321; 0.7; 1.7; 0; 1; 20
'VIL'; 'COR'; 65.59139289; 65.37183146; 0.6; 0.6; 1; 1; 10
'VIL'; 'ELC'; 65.70455348; 62.8651865; 0.6; 1.1; 1; 0; 20
'VIL'; 'MAL'; 66.21891998; 66.03377335; 0.3; 1.0; 2; 1; 20
'VIL'; 'BIL'; 65.88883340000001; 66.12142936; 0.5; 1.3; 0; 4; 10
'VIL'; 'BET'; 65.00212878; 63.8920606; 0.5; 1.3; 1; 1; 10
'VIL'; 'ESP'; 64.53411531; 55.84695373; 0.6; 1.5; 3; 1; 20
'VIL'; 'GRA'; 64.21939669; 62.86173514; 0.9; 1.2; 3; 1; 10
'VIL'; 'BIL'; 64.68741016; 65.70700822; 1.1; 1.7; 3; 1; 20
'VIL'; 'MAL'; 64.79116879; 65.5978919; 1.4; 0.7; 1; 0; 10
'VIL'; 'AMA'; 65.80622234; 69.96630111; 1.5; 1.2; 1; 0; 20
'VIL'; 'LEV'; 65.18539163; 62.8398235; 1.6; 0.7; 0; 1; 10
'VIL'; 'CEL'; 64.46906829; 64.53632597; 1.5; 2.0; 1; 2; 20
'VIL'; 'LAS'; 65.69686249; 63.17128632; 1.5; 0.75; 0; 0; 10
'VIL'; 'SEV'; 65.89658394; 67.46345224; 1.3; 1.6; 2; 1; 20
'VIL'; 'BAR'; 67.08082850000001; 72.30992975; 1.5; 2.2; 0; 3; 10
'VIL'; 'EIB'; 65.17050739; 61.83069221; 1.4; 1.3; 1; 1; 20
'VIL'; 'GET'; 64.16897974; 65.6608697; 1.2; 1.1; 0; 2; 10
'VIL'; 'RAY'; 66.27132167; 62.54687866; 0.9; 1.3; 2; 1; 20
'VIL'; 'REA'; 67.13581273; 74.31755509999999; 0.8; 2.0; 1; 0; 20
'VIL'; 'SOC'; 66.26333185; 66.61442596; 0.8; 1.2; 2; 0; 10
'VIL'; 'VAL'; 65.83495498; 66.11022723; 0.9; 1.8; 1; 0; 20
'VIL'; 'COR'; 66.35090761; 65.17371839; 1.0; 1.3; 2; 1; 10
'VIL'; 'SPG'; 66.84050079; 62.75839770000001; 1.1; 0.9; 2; 0; 20
'VIL'; 'BET'; 65.83495498; 62.62722174; 1.3; 0.4; 0; 0; 20
'VIL'; 'ESP'; 65.62774167; 60.77978254; 1.1; 0.7; 2; 2; 10
'VIL'; 'GRA'; 67.28777352; 62.18549132; 1.3; 1.3; 1; 0; 20
'VIL'; 'BIL'; 66.28222771; 65.82137447; 1.3; 1.5; 0; 0; 10
'VIL'; 'MAL'; 66.59694632; 64.97168386; 1.3; 1.4; 1; 0; 20
'VIL'; 'AMA'; 66.76137005; 70.09882767; 1.2; 1.5; 0; 0; 10
'VIL'; 'LEV'; 65.09499065; 65.31269964; 1.1; 1.2; 3; 0; 20
'VIL'; 'CEL'; 64.7891164; 64.71893895; 1.2; 1.1; 0; 0; 10
'VIL'; 'LAS'; 65.80697173; 62.36340595; 1.1; 1.3; 0; 1; 20
'VIL'; 'SEV'; 66.16090446; 68.30411356; 0.9; 1.5; 2; 4; 10
'VIL'; 'BAR'; 66.94543577; 74.17453928; 0.9; 3.4; 2; 2; 20
'VIL'; 'EIB'; 65.70988461; 61.87290383; 1.1; 1.0; 2; 1; 10
'VIL'; 'GET'; 66.15864899; 60.05309192; 1.1; 0.2; 2; 0; 20
'VIL'; 'RAY'; 64.56874363; 62.130758900000004; 1.2; 1.5; 1; 2; 10
'VIL'; 'REA'; 67.19117716; 71.81222456; 1.3; 3.2; 0; 3; 10
'VIL'; 'SOC'; 65.84393037; 64.44903302; 1.2; 0.8; 0; 0; 20
'VIL'; 'VAL'; 64.50587252; 68.0852739; 1.2; 1.4; 2; 0; 10
'VIL'; 'COR'; 66.06981513; 64.67187286; 1.1; 1.0; 0; 2; 20
'VIL'; 'SPG'; 64.29397406; 55.5222184; 1.1; 0.8; 0; 2; 10
