'ZAR'; 'TEN'; 67.02970034; 61.72192127; 0.0; 0.0; 1; 0; 20
'ZAR'; 'SEV'; 66.89766571; 70.41817221; 1.0; 1.1; 1; 4; 10
'ZAR'; 'VAL'; 67.36200553; 64.94686219; 1.0; 1.1; 1; 2; 20
'ZAR'; 'SPG'; 67.48644849; 64.5033796; 1.0; 1.2; 1; 1; 10
'ZAR'; 'GET'; 67.05981372; 67.29400253; 1.0; 1.5; 3; 0; 20
'ZAR'; 'AMA'; 67.05981372; 69.89087245; 1.4; 2.0; 1; 2; 10
'ZAR'; 'SAN'; 67.75865628; 65.59886949; 1.333333333; 1.2; 2; 2; 20
'ZAR'; 'BAR'; 67.16724951; 69.02803722; 1.428571429; 1.9; 1; 6; 10
'ZAR'; 'ALM'; 60.43569092; 65.15804383; 1.375; 0.7; 2; 1; 20
'ZAR'; 'VAL'; 60.63577791; 71.10391362; 1.4444444440000002; 1.4; 1; 3; 10
'ZAR'; 'MAL'; 52.75451069; 58.65885133; 1.4; 1.5; 1; 1; 10
'ZAR'; 'OSA'; 54.41796915; 59.84990394; 1.4; 1.1; 0; 1; 20
'ZAR'; 'MAL'; 53.63335341; 66.6317005; 1.3; 1.4; 1; 4; 10
'ZAR'; 'BIL'; 60.42108053; 68.14578614; 1.3; 1.2; 1; 2; 20
'ZAR'; 'REA'; 59.90472673; 74.18311404; 1.3; 2.1; 0; 6; 10
'ZAR'; 'COR'; 59.87901245; 67.55600190000001; 1.0; 1.0; 0; 0; 20
'ZAR'; 'ESP'; 59.98526982; 66.77991436; 0.9; 0.5; 1; 2; 10
'ZAR'; 'XER'; 66.20162748; 55.91554355; 0.8; 0.4; 0; 0; 20
'ZAR'; 'VIL'; 66.22263299; 71.13003701; 0.7; 2.0; 2; 4; 10
'ZAR'; 'TEN'; 66.52824373; 61.96799546; 0.7; 1.1; 3; 1; 10
'ZAR'; 'SEV'; 65.75059472; 68.31904095; 0.9; 1.2; 2; 1; 20
'ZAR'; 'VAL'; 66.96145744; 65.67703979999999; 1.0; 1.3; 1; 1; 10
'ZAR'; 'SPG'; 66.52471237; 65.04837615; 1.1; 0.9; 1; 3; 20
'ZAR'; 'GET'; 67.04947609; 67.34893278; 1.1; 1.0; 2; 0; 10
'ZAR'; 'AMA'; 66.51917306; 70.85958402; 1.2; 1.7; 1; 1; 20
'ZAR'; 'SAN'; 66.00348042; 64.83324593; 1.3; 0.7; 0; 0; 10
'ZAR'; 'BAR'; 66.51917306; 76.06456217; 1.3; 2.7; 2; 4; 20
'ZAR'; 'ALM'; 67.25028532; 64.79867946; 1.4; 1.3; 0; 1; 10
'ZAR'; 'VAL'; 66.13064982; 69.60131070000001; 1.4; 0.8; 3; 0; 20
'ZAR'; 'MAL'; 66.51917306; 58.22197265; 1.5; 1.2; 2; 0; 20
'ZAR'; 'OSA'; 66.13074331; 67.92754266; 1.4; 0.6; 0; 2; 10
'ZAR'; 'MAL'; 67.04947609; 66.56018739999999; 1.2; 1.2; 1; 1; 20
'ZAR'; 'BIL'; 66.67354026; 68.45037044; 1.2; 1.7; 0; 0; 10
'ZAR'; 'REA'; 66.76295012; 74.67882136; 1.1; 2.8; 1; 2; 20
'ZAR'; 'COR'; 67.007317; 57.53821931; 1.0; 0.7; 1; 0; 10
'ZAR'; 'ESP'; 66.20592533; 67.37217614; 1.0; 0.9; 1; 0; 20
'ZAR'; 'XER'; 66.7277986; 63.81847612; 1.1; 1.6; 2; 3; 10
'ZAR'; 'VIL'; 60.79428242; 71.04304279; 1.1; 1.7; 3; 3; 20
'ZAR'; 'COR'; 65.68916931; 65.77552251; 1.4; 0.4; 0; 0; 10
'ZAR'; 'MAL'; 66.01900614; 64.93931259; 1.1; 1.0; 3; 5; 20
'ZAR'; 'SAN'; 66.18495656; 65.94269064; 1.2; 1.2; 0; 2; 10
'ZAR'; 'HER'; 59.30616868; 57.70918711; 1.2; 1.0; 0; 0; 20
'ZAR'; 'AMA'; 59.56791079; 71.41327887; 1.1; 1.7; 0; 1; 10
'ZAR'; 'SPG'; 65.64172260000001; 65.39179261; 1.1; 0.7; 2; 2; 20
'ZAR'; 'BIL'; 64.97232391; 67.79989065; 1.2; 1.4; 1; 2; 10
'ZAR'; 'BAR'; 65.59693791; 76.49559878; 1.2; 2.3; 0; 2; 20
'ZAR'; 'VAL'; 65.26126789; 70.44506706; 1.1; 1.4; 1; 1; 10
'ZAR'; 'MAL'; 65.90530568; 64.91637589999999; 1.0; 1.0; 3; 2; 20
'ZAR'; 'SEV'; 65.40961008; 68.88163503; 1.0; 1.6; 1; 2; 20
'ZAR'; 'GET'; 66.10305361; 65.94421613; 1.1; 1.4; 1; 1; 10
'ZAR'; 'VIL'; 65.58763643; 70.51742598; 0.9; 1.9; 0; 3; 20
'ZAR'; 'ALM'; 65.6477868; 63.87374355; 0.9; 0.7; 1; 1; 10
'ZAR'; 'REA'; 66.03621656; 75.64472826; 1.0; 2.9; 1; 3; 20
'ZAR'; 'OSA'; 64.98118606; 66.5429518; 1.1; 1.2; 0; 0; 10
'ZAR'; 'SOC'; 65.48027894; 66.65833224; 0.9; 1.6; 2; 1; 20
'ZAR'; 'ESP'; 66.31026614; 67.20133296; 1.0; 1.3; 0; 4; 10
'ZAR'; 'LEV'; 65.46337221; 63.40044349; 1.0; 1.1; 1; 0; 20
'ZAR'; 'COR'; 64.95488885; 65.99398835; 1.0; 0.9; 1; 0; 20
'ZAR'; 'MAL'; 65.70637973; 66.5082016; 0.8; 1.4; 2; 1; 10
'ZAR'; 'SAN'; 65.02337221; 66.4084493; 0.9; 0.7; 1; 1; 20
'ZAR'; 'HER'; 65.67226258; 50.80411255; 0.9; 1.1; 1; 2; 10
'ZAR'; 'AMA'; 64.46322822; 70.78563383; 1.0; 1.0; 0; 1; 20
'ZAR'; 'SPG'; 64.80997508; 65.30795529; 0.9; 1.2; 0; 0; 10
'ZAR'; 'BIL'; 65.13529289; 68.38974828; 0.8; 1.6; 2; 1; 20
'ZAR'; 'BAR'; 64.49787863; 75.8075361; 1.0; 2.6; 0; 1; 10
'ZAR'; 'VAL'; 65.26688181; 69.11327385; 0.8; 1.6; 4; 0; 20
'ZAR'; 'MAL'; 65.88979816; 65.15315026; 1.2; 1.0; 0; 1; 10
'ZAR'; 'SEV'; 64.94350208; 70.46192297; 1.1; 1.7; 1; 3; 10
'ZAR'; 'GET'; 65.42810674; 66.40988773; 1.1; 1.2; 2; 1; 20
'ZAR'; 'VIL'; 64.7256274; 69.45413401; 1.1; 0.7; 0; 1; 10
'ZAR'; 'ALM'; 65.22400105; 65.25000627; 1.0; 0.9; 1; 0; 20
'ZAR'; 'REA'; 65.62253413; 73.43481593; 1.0; 2.6; 3; 2; 10
'ZAR'; 'OSA'; 65.8468582; 66.18908896; 1.3; 1.3; 1; 3; 20
'ZAR'; 'SOC'; 65.96328563; 66.41251263; 1.4; 0.9; 1; 2; 10
'ZAR'; 'ESP'; 66.20271599; 66.04815841; 1.3; 0.9; 1; 0; 20
'ZAR'; 'LEV'; 65.87739818; 58.16549549; 1.4; 1.2; 2; 1; 10
'ZAR'; 'REA'; 65.67482553; 76.07236243; 1.2; 3.5; 0; 6; 20
'ZAR'; 'RAY'; 66.07847236; 64.76701607; 1.2; 1.0; 0; 0; 10
'ZAR'; 'ESP'; 66.07847236; 66.16837186; 1.1; 1.0; 2; 1; 20
'ZAR'; 'BET'; 65.34402735; 65.77032766; 1.1; 1.0; 3; 4; 10
'ZAR'; 'MAL'; 65.3412541; 70.51590569; 1.4; 1.2; 0; 0; 20
'ZAR'; 'VIL'; 65.95413175; 68.17617491; 1.3; 0.8; 2; 2; 10
'ZAR'; 'SOC'; 65.70437098; 66.30345296; 1.2; 1.1; 2; 0; 20
'ZAR'; 'OSA'; 65.70437098; 65.33890533; 1.3; 1.0; 0; 3; 10
'ZAR'; 'VAL'; 65.58127334; 68.86450404; 1.2; 1.3; 0; 1; 20
'ZAR'; 'AMA'; 65.56504084; 70.97634617; 1.1; 1.3; 1; 3; 10
'ZAR'; 'SPG'; 65.02746268; 65.27620242; 1.0; 0.8; 2; 2; 20
'ZAR'; 'BAR'; 64.9873785; 75.58874941; 1.2; 2.9; 0; 4; 10
'ZAR'; 'SEV'; 65.48457752; 69.2904301; 1.2; 0.8; 0; 1; 20
'ZAR'; 'GRA'; 65.65745112; 65.91123143; 1.0; 0.5; 0; 1; 10
'ZAR'; 'MAL'; 65.29433424; 65.45917711; 0.7; 1.5; 0; 1; 20
'ZAR'; 'BIL'; 63.85826898; 68.79068783; 0.7; 1.6; 1; 2; 10
'ZAR'; 'SAN'; 65.71071419; 65.68471894; 0.6; 0.7; 0; 1; 10
'ZAR'; 'GET'; 65.64089962; 66.57812539; 0.4; 1.1; 1; 1; 20
'ZAR'; 'LEV'; 65.53498332; 66.6041181; 0.5; 1.1; 0; 0; 10
'ZAR'; 'REA'; 65.53498332; 75.06753734; 0.5; 3.6; 1; 3; 10
'ZAR'; 'RAY'; 65.09326083; 64.36298044; 0.5; 1.3; 1; 2; 20
'ZAR'; 'ESP'; 65.18121334; 66.98442393; 0.4; 1.6; 2; 0; 10
'ZAR'; 'BET'; 65.28125028; 66.27272162; 0.6; 1.5; 0; 2; 20
'ZAR'; 'MAL'; 65.09240863; 69.35191494; 0.6; 1.4; 1; 5; 10
'ZAR'; 'VIL'; 65.31580443; 69.50968333; 0.7; 1.4; 2; 1; 20
'ZAR'; 'SOC'; 64.99967414; 67.16896851; 0.9; 1.1; 0; 3; 10
'ZAR'; 'OSA'; 65.02650542; 65.87645445; 0.8; 1.0; 1; 1; 20
'ZAR'; 'VAL'; 64.72627220000001; 69.48956999; 0.9; 1.5; 2; 1; 10
'ZAR'; 'AMA'; 64.15288615; 70.71993703; 1.0; 1.3; 1; 0; 20
'ZAR'; 'SPG'; 64.36531014; 64.32373101; 1.1; 1.0; 2; 1; 10
'ZAR'; 'BAR'; 65.37332361; 75.50684765; 1.2; 2.7; 1; 4; 20
'ZAR'; 'SEV'; 65.11401872; 69.31015641; 1.2; 1.4; 0; 3; 10
'ZAR'; 'GRA'; 64.89349775; 65.49043574; 1.0; 1.3; 1; 0; 20
'ZAR'; 'MAL'; 65.26330823; 65.30528525; 1.1; 1.1; 0; 1; 10
'ZAR'; 'BIL'; 64.99147755; 67.90396371; 1.0; 1.0; 2; 0; 20
'ZAR'; 'LEV'; 64.99147755; 66.12564818; 1.0; 1.4; 1; 0; 20
'ZAR'; 'SAN'; 64.95901002; 61.45576145; 1.1; 0.4; 2; 1; 20
'ZAR'; 'GET'; 64.99147755; 65.99486653; 1.2; 1.2; 2; 0; 10
'ZAR'; 'VAL'; 64.48985659; 65.19147419; 1.2; 1.5; 0; 1; 20
'ZAR'; 'ESP'; 57.56359535; 65.35439872; 1.1; 1.0; 2; 1; 10
'ZAR'; 'MAL'; 58.43471917; 70.53376439; 1.1; 1.1; 0; 1; 20
'ZAR'; 'SOC'; 64.14932275; 67.42494494; 1.0; 1.1; 0; 2; 10
'ZAR'; 'OSA'; 65.31475328; 64.11439041; 1.0; 0.9; 3; 1; 20
'ZAR'; 'VAL'; 65.31475328; 69.23180457; 1.2; 1.0; 0; 2; 10
'ZAR'; 'GET'; 65.28232372; 66.91289716; 1.2; 0.9; 0; 1; 20
'ZAR'; 'GRA'; 64.87938309; 65.42155835; 1.0; 0.9; 2; 1; 10
'ZAR'; 'SEV'; 65.28389035; 69.49486686; 1.1; 1.7; 2; 1; 20
'ZAR'; 'REA'; 65.10207217; 76.07500467; 1.1; 2.5; 0; 4; 10
'ZAR'; 'COR'; 65.28389035; 65.66466594; 0.9; 1.5; 5; 3; 20
'ZAR'; 'BAR'; 58.34888847; 75.98395699999999; 1.4; 3.1; 1; 3; 10
'ZAR'; 'CEL'; 64.80455151; 64.8188653; 1.3; 1.3; 0; 1; 20
'ZAR'; 'MAL'; 65.28389035; 64.96525491; 1.3; 0.9; 1; 1; 10
'ZAR'; 'RAY'; 65.50142282; 66.39375372; 1.4; 1.2; 2; 0; 10
'ZAR'; 'LEV'; 59.0793449; 66.86154404; 1.3; 1.3; 0; 1; 20
'ZAR'; 'BIL'; 65.28389035; 68.64980565; 1.3; 1.3; 2; 0; 10
'ZAR'; 'BET'; 64.80455151; 66.5724803; 1.5; 1.4; 1; 2; 20
'ZAR'; 'AMA'; 64.43047846; 72.18187895; 1.4; 1.9; 0; 2; 10
'ZAR'; 'VAL'; 57.76500015; 64.69784355; 1.2; 1.6; 0; 2; 10
'ZAR'; 'ESP'; 65.22750719; 66.58552771; 1.2; 1.1; 0; 0; 20
'ZAR'; 'MAL'; 58.31002064; 70.01322666; 0.7; 1.5; 1; 1; 10
'ZAR'; 'SOC'; 64.7369755; 68.34916003; 0.7; 1.9; 1; 2; 20
'ZAR'; 'OSA'; 64.52857481; 64.49280712; 0.8; 0.8; 0; 1; 10
'ZAR'; 'VAL'; 57.7390548; 69.61158557; 0.7; 1.2; 2; 2; 20
'ZAR'; 'GET'; 63.32507139; 67.10194844; 0.7; 1.7; 0; 2; 10
'ZAR'; 'GRA'; 64.87348351; 65.85639760000001; 0.7; 1.4; 0; 0; 20
'ZAR'; 'SEV'; 64.56051113; 69.35735989; 0.5; 1.7; 0; 4; 10
'ZAR'; 'REA'; 64.40903793; 74.84306605; 0.4; 2.6; 1; 1; 20
'ZAR'; 'COR'; 64.77189729; 66.72160413; 0.5; 1.2; 2; 3; 10
'ZAR'; 'BAR'; 64.67231239; 73.17826548; 0.7; 2.9; 0; 3; 20
'ZAR'; 'CEL'; 64.46039299; 63.59822382; 0.7; 0.8; 1; 2; 10
'ZAR'; 'MAL'; 58.71426553; 65.93425571; 0.7; 1.3; 3; 2; 20
'ZAR'; 'RAY'; 64.91881099; 65.07309399; 0.9; 1.0; 3; 0; 20
'ZAR'; 'LEV'; 58.170877100000006; 66.35898092; 1.2; 0.6; 0; 0; 10
'ZAR'; 'BIL'; 58.71426553; 67.78257201; 1.0; 1.0; 1; 2; 20
'ZAR'; 'BET'; 64.76946034; 66.88662893; 1.1; 1.5; 0; 4; 10
'ZAR'; 'AMA'; 57.25605508; 69.75022346; 1.1; 1.4; 1; 3; 20
