'AMA'; 'MAL'; 71.12435374; 58.30653384; 0.0; 0.0; 4; 0; 20
'AMA'; 'VAL'; 69.95108534; 65.03095864; 4.0; 0.0; 1; 2; 10
'AMA'; 'HUE'; 69.82504184; 58.29749356; 2.5; 0.5; 4; 0; 20
'AMA'; 'GET'; 69.76472598; 66.02538878; 3.0; 1.0; 2; 1; 10
'AMA'; 'SEV'; 70.60201173; 67.48313133; 2.75; 1.75; 0; 1; 20
'AMA'; 'BAR'; 70.64017811; 75.14527431; 2.2; 2.4; 1; 6; 10
'AMA'; 'REA'; 70.61979998; 68.0899564; 2.0; 3.0; 1; 2; 20
'AMA'; 'VIL'; 69.33369735; 71.6000286; 1.857142857; 1.285714286; 4; 4; 10
'AMA'; 'MAL'; 69.56219007; 66.53752031; 2.125; 1.5; 2; 0; 20
'AMA'; 'OSA'; 70.65491476; 66.11337924; 2.111111111; 0.333333333; 0; 0; 10
'AMA'; 'COR'; 70.20461431; 67.39843636; 1.9; 0.9; 4; 1; 20
'AMA'; 'NUM'; 70.20461431; 55.66693305; 1.9; 1.3; 1; 1; 10
'AMA'; 'SAN'; 69.97006098; 67.78391009; 1.9; 1.2; 4; 1; 20
'AMA'; 'SPG'; 70.37714481; 57.11078807; 1.9; 1.6; 5; 2; 10
'AMA'; 'BET'; 70.61169813; 64.51919112; 2.2; 1.9; 2; 0; 20
'AMA'; 'ESP'; 70.13767216; 66.62289191; 2.4; 0.8; 3; 2; 10
'AMA'; 'VAL'; 70.18482524; 71.61255894; 2.6; 2.0; 1; 3; 10
'AMA'; 'BIL'; 70.14151286; 67.1590264; 2.6; 1.7; 2; 3; 20
'AMA'; 'ALM'; 69.63055256; 65.31166784; 2.4; 1.0; 1; 1; 10
'AMA'; 'MAL'; 69.42921669; 64.39050751; 2.3; 1.4; 1; 1; 10
'AMA'; 'VAL'; 69.65314726; 66.25021597; 2.4; 1.5; 1; 2; 20
'AMA'; 'HUE'; 68.66509332; 64.37277878; 2.1; 1.4; 3; 0; 10
'AMA'; 'GET'; 69.62963289; 66.57657609; 2.3; 2.1; 1; 1; 20
'AMA'; 'SEV'; 69.09604457; 68.41268740000001; 2.0; 1.3; 0; 1; 10
'AMA'; 'BAR'; 69.77782258; 68.29884546; 1.5; 2.7; 4; 3; 20
'AMA'; 'REA'; 69.67506164; 74.82757120000001; 1.7; 2.4; 1; 1; 10
'AMA'; 'VIL'; 69.89053411; 63.05640348; 1.5; 1.4; 3; 2; 20
'AMA'; 'MAL'; 70.30462669; 66.50441545; 1.7; 1.6; 0; 2; 10
'AMA'; 'OSA'; 69.74301047; 66.83233117; 1.5; 0.9; 2; 4; 20
'AMA'; 'COR'; 70.18490641; 67.86022027; 1.6; 1.5; 2; 1; 10
'AMA'; 'NUM'; 70.36456009; 62.19418713; 1.7; 0.8; 3; 0; 20
'AMA'; 'SAN'; 69.5733135; 65.97923105; 1.9; 1.4; 1; 5; 10
'AMA'; 'SPG'; 70.36456009; 57.28870449; 1.7; 0.9; 3; 1; 20
'AMA'; 'BET'; 69.28333714; 64.88098903; 1.9; 1.6; 2; 0; 10
'AMA'; 'ESP'; 70.53425706; 68.04059753; 2.1; 1.5; 3; 2; 20
'AMA'; 'VAL'; 70.16894812; 70.83628992; 2.0; 1.0; 1; 0; 20
'AMA'; 'BIL'; 70.35460338; 67.7802689; 2.0; 1.1; 4; 1; 10
'AMA'; 'ALM'; 69.70418472; 65.28228472; 2.1; 1.2; 3; 0; 20
'AMA'; 'MAL'; 70.44693783; 65.40319925; 2.4; 1.5; 0; 3; 10
'AMA'; 'SAN'; 68.50698993; 65.28534185; 2.2; 1.4; 1; 1; 20
'AMA'; 'BAR'; 69.71483467; 68.87450186; 2.1; 2.3; 2; 5; 10
'AMA'; 'ALM'; 68.84209997; 65.32332275; 2.0; 0.8; 2; 2; 20
'AMA'; 'VAL'; 69.23307504; 70.33924003; 2.1; 1.4; 2; 2; 10
'AMA'; 'ZAR'; 69.89087245; 67.05981372; 2.0; 1.4; 2; 1; 20
'AMA'; 'OSA'; 69.22891548; 67.92295129; 2.0; 0.9; 0; 3; 10
'AMA'; 'MAL'; 70.27331565; 67.12112157; 1.7; 1.5; 1; 1; 20
'AMA'; 'BIL'; 70.05864404; 67.35573787; 1.7; 0.9; 0; 1; 10
'AMA'; 'REA'; 69.37667628; 75.13087892; 1.3; 2.4; 2; 3; 20
'AMA'; 'COR'; 68.49486318; 67.77220943; 1.2; 1.4; 1; 2; 10
'AMA'; 'ESP'; 70.39228953; 67.64571108; 1.3; 0.8; 4; 0; 20
'AMA'; 'XER'; 69.90425125; 62.670993599999996; 1.6; 0.4; 2; 0; 10
'AMA'; 'VIL'; 69.96752604; 69.81589169; 1.6; 1.6; 1; 2; 20
'AMA'; 'TEN'; 69.47464551; 61.91970121; 1.5; 1.1; 1; 1; 10
'AMA'; 'SEV'; 68.75562559999999; 69.42471622; 1.4; 1.4; 2; 1; 20
'AMA'; 'VAL'; 69.24774681; 65.33550012; 1.4; 1.3; 4; 0; 10
'AMA'; 'SPG'; 70.64799288; 64.93495623; 1.8; 0.8; 3; 2; 20
'AMA'; 'GET'; 69.87319284; 66.98766796; 2.0; 1.4; 0; 1; 10
'AMA'; 'MAL'; 70.53673652; 57.84604105; 2.0; 1.2; 0; 2; 20
'AMA'; 'SAN'; 70.33136809; 66.22268258; 1.8; 1.3; 1; 1; 10
'AMA'; 'BAR'; 71.11228188; 75.38821038; 1.8; 2.3; 2; 1; 20
'AMA'; 'ALM'; 69.87153654; 59.30321056; 1.6; 1.2; 0; 1; 10
'AMA'; 'VAL'; 70.613854; 71.54623809; 1.4; 1.0; 4; 1; 20
'AMA'; 'ZAR'; 70.85958402; 66.51917306; 1.7; 1.2; 1; 1; 10
'AMA'; 'OSA'; 70.28126479; 67.10725706; 1.7; 1.0; 1; 0; 20
'AMA'; 'MAL'; 68.79029951; 66.4589761; 1.6; 1.3; 1; 4; 10
'AMA'; 'BIL'; 70.57464896; 67.2417943; 1.3; 1.4; 2; 0; 20
'AMA'; 'REA'; 70.9186159; 74.14525493; 1.2; 3.6; 2; 3; 10
'AMA'; 'COR'; 70.95536436; 66.58630493; 1.4; 0.9; 3; 0; 20
'AMA'; 'ESP'; 69.69517074; 66.73909265; 1.7; 0.8; 0; 3; 10
'AMA'; 'XER'; 70.72823998; 62.71644815; 1.6; 1.4; 1; 2; 20
'AMA'; 'VIL'; 70.20007409; 69.61559831; 1.5; 1.3; 1; 2; 10
'AMA'; 'TEN'; 70.63316843; 55.85005132; 1.6; 1.5; 3; 1; 20
'AMA'; 'SEV'; 63.181566700000005; 70.47958459; 1.5; 1.6; 1; 3; 10
'AMA'; 'VAL'; 63.47576647; 65.33412429; 1.5; 1.4; 3; 1; 20
'AMA'; 'SPG'; 62.19942165; 64.51815450000001; 1.7; 0.7; 1; 1; 10
'AMA'; 'GET'; 62.06788344; 60.1192791; 1.7; 1.9; 0; 3; 20
'AMA'; 'SPG'; 70.77558297; 65.50975687; 1.5; 0.5; 4; 0; 20
'AMA'; 'BIL'; 70.67275239; 69.67249166; 1.7; 1.1; 2; 1; 10
'AMA'; 'BAR'; 71.31517663; 77.22270422; 1.6; 2.6; 1; 2; 20
'AMA'; 'VAL'; 70.67275239; 70.42350473; 1.7; 1.5; 1; 1; 10
'AMA'; 'ZAR'; 71.41327887; 59.56791079; 1.7; 1.1; 1; 0; 20
'AMA'; 'SEV'; 69.50208990000002; 69.72013223; 1.7; 2.3; 1; 3; 10
'AMA'; 'GET'; 70.32622674; 66.52494842; 1.5; 1.7; 2; 0; 20
'AMA'; 'VIL'; 71.67422163; 70.95465542; 1.6; 2.1; 0; 2; 10
'AMA'; 'ALM'; 71.40822836; 65.39096646; 1.3; 1.0; 1; 1; 20
'AMA'; 'REA'; 71.30455934; 76.36807821; 1.3; 2.6; 0; 2; 10
'AMA'; 'OSA'; 71.40688126; 66.85219892; 1.3; 1.1; 3; 0; 20
'AMA'; 'SOC'; 71.29519502; 66.60025471; 1.2; 1.3; 4; 2; 10
'AMA'; 'ESP'; 71.99822532; 66.75406362; 1.4; 0.9; 2; 3; 20
'AMA'; 'LEV'; 71.06944661; 64.01211967; 1.5; 1.1; 0; 2; 10
'AMA'; 'COR'; 71.63070959; 64.48374886; 1.4; 1.0; 2; 0; 20
'AMA'; 'MAL'; 71.11131988; 63.98721975; 1.5; 1.1; 3; 0; 10
'AMA'; 'SAN'; 71.45594862; 66.39490787; 1.7; 1.0; 0; 0; 20
'AMA'; 'HER'; 71.3537673; 57.82113997; 1.5; 1.1; 1; 4; 10
'AMA'; 'MAL'; 69.72406715; 64.28125586; 1.6; 1.7; 3; 0; 20
'AMA'; 'SPG'; 69.96435303; 65.09793238; 1.8; 0.8; 0; 1; 10
'AMA'; 'BIL'; 71.61142099999999; 67.72679999; 1.8; 1.4; 0; 2; 20
'AMA'; 'BAR'; 70.05307148; 76.29132705; 1.5; 4.2; 0; 3; 10
'AMA'; 'VAL'; 70.16024377; 68.56419081; 1.1; 1.9; 1; 2; 20
'AMA'; 'ZAR'; 70.78563383; 64.46322822; 1.0; 1.0; 1; 0; 10
'AMA'; 'SEV'; 71.18331191; 69.80200034; 1.1; 1.6; 2; 2; 20
'AMA'; 'GET'; 70.79759555; 66.6315315; 1.1; 1.2; 1; 1; 10
'AMA'; 'VIL'; 71.59909604; 70.60715292; 0.9; 1.5; 3; 1; 20
'AMA'; 'ALM'; 71.70141796; 65.81694138; 1.2; 1.3; 2; 2; 10
'AMA'; 'REA'; 72.00617987; 75.46175453; 1.3; 2.1; 1; 2; 20
'AMA'; 'OSA'; 70.87391785; 66.25723126; 1.1; 1.7; 3; 2; 10
'AMA'; 'SOC'; 72.26326369; 66.50962007; 1.4; 1.0; 3; 0; 20
'AMA'; 'ESP'; 72.26326369; 66.04815841; 1.7; 1.0; 2; 2; 10
'AMA'; 'LEV'; 71.35406347; 66.28163962; 1.9; 1.3; 4; 1; 20
'AMA'; 'COR'; 72.10850179; 66.86613582; 2.2; 0.7; 1; 0; 10
'AMA'; 'MAL'; 71.97275033; 67.69029928; 2.2; 1.6; 0; 3; 20
'AMA'; 'SAN'; 69.95141589; 66.39298865; 2.0; 1.4; 1; 2; 10
'AMA'; 'HER'; 69.59243511; 63.81125147; 2.0; 1.1; 2; 1; 20
'AMA'; 'MAL'; 69.98912932; 65.10094889999999; 1.9; 1.5; 4; 3; 10
'AMA'; 'OSA'; 70.03211972; 64.43447401; 2.1; 1.5; 0; 0; 20
'AMA'; 'VAL'; 71.14706826; 70.08218935; 2.0; 2.6; 0; 1; 10
'AMA'; 'SAN'; 71.68091006; 63.11464398; 1.7; 1.4; 4; 0; 20
'AMA'; 'SPG'; 70.75980890000001; 64.23839446; 1.8; 0.8; 4; 0; 20
'AMA'; 'BAR'; 71.03291540000001; 76.14956728; 2.0; 2.6; 0; 5; 10
'AMA'; 'SEV'; 71.54755035; 69.46551216; 1.6; 1.7; 0; 0; 20
'AMA'; 'GRA'; 71.57791519; 65.01822812; 1.5; 0.333333333; 0; 0; 10
'AMA'; 'MAL'; 71.64129108; 65.32345143; 1.5; 0.9; 1; 1; 20
'AMA'; 'BIL'; 71.68526949999999; 69.26603646; 1.5; 1.4; 0; 3; 10
'AMA'; 'ZAR'; 70.97634617; 65.56504084; 1.3; 1.1; 3; 1; 20
'AMA'; 'GET'; 71.12896417; 66.59842407; 1.2; 0.9; 2; 3; 10
'AMA'; 'LEV'; 71.34336219; 66.1834352; 1.4; 1.6; 3; 2; 20
'AMA'; 'REA'; 71.32085456; 76.3128834; 1.7; 3.2; 1; 4; 10
'AMA'; 'RAY'; 71.00732551; 65.67926307; 1.4; 1.2; 3; 1; 20
'AMA'; 'ESP'; 71.90258706; 65.08166281; 1.3; 0.7; 2; 4; 10
'AMA'; 'BET'; 71.46075292; 65.21886874; 1.5; 0.6; 0; 2; 20
'AMA'; 'MAL'; 71.23286026; 69.85817728; 1.5; 1.2; 0; 0; 10
'AMA'; 'VIL'; 72.16716436; 68.93331091; 1.5; 0.8; 3; 0; 20
'AMA'; 'SOC'; 71.89892864; 66.47044143; 1.7; 1.0; 4; 0; 10
'AMA'; 'OSA'; 71.66098098; 65.50006084; 2.1; 1.1; 1; 0; 10
'AMA'; 'VAL'; 72.16716436; 70.35100354; 1.9; 1.6; 0; 0; 20
'AMA'; 'SAN'; 71.27775074; 64.75306246; 1.7; 1.1; 0; 0; 10
'AMA'; 'SPG'; 71.4350249; 64.28461875; 1.4; 0.8; 1; 1; 10
'AMA'; 'BAR'; 71.75600733; 77.53761709; 1.4; 3.0; 1; 2; 20
'AMA'; 'SEV'; 70.91808775; 71.09648517; 1.2; 1.0; 1; 1; 10
'AMA'; 'GRA'; 70.5978176; 63.74638077; 1.1; 1.4; 2; 0; 20
'AMA'; 'MAL'; 71.05511787; 65.64279496; 1.3; 2.0; 1; 2; 10
'AMA'; 'BIL'; 71.48777161; 68.08696489; 1.4; 1.9; 2; 1; 20
'AMA'; 'ZAR'; 70.71993703; 64.15288615; 1.3; 1.0; 0; 1; 10
'AMA'; 'GET'; 71.21158614; 67.29670589; 0.9; 1.1; 3; 0; 20
'AMA'; 'LEV'; 72.10099975; 66.29278105; 1.1; 1.6; 0; 2; 10
'AMA'; 'REA'; 71.77775074; 75.87649702; 1.1; 2.9; 1; 4; 20
'AMA'; 'RAY'; 71.13948426; 65.37322078; 1.2; 2.2; 1; 0; 10
'AMA'; 'ESP'; 71.87749993; 66.98247732; 1.2; 1.7; 3; 1; 20
'AMA'; 'BET'; 71.24277507; 65.84056666; 1.4; 1.2; 2; 2; 10
'AMA'; 'SOC'; 70.98777161; 66.76965652; 1.5; 1.7; 1; 1; 20
'AMA'; 'MAL'; 71.63948426; 70.58106443; 1.4; 1.3; 2; 1; 20
'AMA'; 'VIL'; 71.73451061; 69.00057640000001; 1.5; 1.2; 1; 0; 10
'AMA'; 'LEV'; 71.18869155; 66.49737331; 1.4; 1.3; 1; 1; 10
'AMA'; 'BIL'; 71.70488903; 67.78623951; 1.5; 0.8; 4; 0; 20
'AMA'; 'RAY'; 71.91364323; 64.80058652; 1.6; 0.8; 4; 3; 20
'AMA'; 'VAL'; 72.48154225; 64.52843771; 2.0; 1.0; 2; 1; 20
'AMA'; 'BET'; 71.72481490000001; 65.76123265; 2.1; 1.6; 4; 2; 10
'AMA'; 'ESP'; 71.8881994; 65.46868204; 2.4; 1.0; 1; 0; 10
'AMA'; 'MAL'; 72.20806178; 69.76255952; 2.2; 1.5; 2; 1; 20
'AMA'; 'SOC'; 71.08026518; 66.98058467; 2.2; 1.0; 1; 0; 10
'AMA'; 'OSA'; 71.29213783; 64.13370426; 2.2; 1.2; 3; 1; 20
'AMA'; 'VAL'; 71.75076258; 70.04178944; 2.3; 1.6; 0; 2; 10
'AMA'; 'GET'; 71.54416892; 67.41028229; 2.2; 1.2; 2; 0; 20
'AMA'; 'GRA'; 71.54416892; 65.82788933; 2.3; 1.1; 1; 0; 10
'AMA'; 'SEV'; 72.48154225; 69.56854663; 2.0; 1.5; 4; 0; 20
'AMA'; 'REA'; 72.03054138; 75.95052606; 2.0; 2.7; 0; 2; 10
'AMA'; 'COR'; 71.99610612; 65.10173321; 1.8; 1.4; 6; 0; 20
'AMA'; 'BAR'; 71.91364323; 76.18872044; 2.0; 3.6; 1; 4; 10
'AMA'; 'CEL'; 71.51689579; 64.45479603; 2.0; 0.9; 1; 0; 20
'AMA'; 'MAL'; 71.13130048; 65.94356069; 1.9; 1.2; 1; 1; 10
'AMA'; 'ZAR'; 72.18187895; 64.43047846; 1.9; 1.4; 2; 0; 20
'AMA'; 'LEV'; 70.40405645; 66.62181524; 1.8; 1.2; 2; 0; 20
'AMA'; 'BIL'; 71.78813749; 68.92113432; 2.0; 1.0; 0; 3; 10
'AMA'; 'BET'; 70.52312515; 66.95797633; 1.8; 1.3; 1; 0; 20
'AMA'; 'RAY'; 70.85480030000001; 65.71061975; 1.8; 1.5; 1; 2; 10
'AMA'; 'VAL'; 72.48154225; 63.85035383; 1.5; 1.5; 3; 0; 10
'AMA'; 'ESP'; 72.48154225; 67.18274173; 1.8; 1.8; 1; 0; 20
'AMA'; 'MAL'; 72.24066344; 69.67607131; 1.3; 0.9; 0; 0; 10
'AMA'; 'SOC'; 72.33568979; 67.61961458; 1.2; 2.2; 0; 1; 20
'AMA'; 'OSA'; 71.98784166; 65.10925733; 1.1; 0.9; 2; 0; 10
'AMA'; 'VAL'; 71.2789631; 70.52332557; 1.2; 1.4; 1; 1; 20
'AMA'; 'GET'; 71.57858168; 67.35911404; 1.1; 1.4; 0; 0; 10
'AMA'; 'GRA'; 71.92818335; 65.39455885; 0.9; 0.9; 5; 0; 20
'AMA'; 'SEV'; 71.79569909; 68.47521527; 1.4; 2.1; 1; 0; 10
'AMA'; 'REA'; 71.8058001; 72.62549392; 1.4; 2.9; 1; 2; 20
'AMA'; 'COR'; 71.12656147; 65.55635192; 1.4; 1.7; 0; 0; 10
'AMA'; 'CEL'; 71.57858168; 63.59822382; 1.1; 1.1; 3; 1; 10
'AMA'; 'BAR'; 71.46812854; 75.01941164; 1.3; 2.5; 1; 2; 20
'AMA'; 'MAL'; 71.91364323; 66.18261634; 1.4; 1.3; 0; 0; 20
'AMA'; 'ZAR'; 69.75022346; 57.25605508; 1.4; 1.1; 3; 1; 10
'AMA'; 'SEV'; 72.2532897; 68.12867812; 1.5; 1.5; 3; 1; 10
'AMA'; 'RAY'; 72.23827626; 65.03013545; 1.7; 1.5; 5; 0; 20
'AMA'; 'SOC'; 71.91364323; 67.85090251; 2.2; 1.8; 2; 1; 10
'AMA'; 'ALM'; 71.30920132; 62.86539681; 1.9; 1.0; 4; 2; 20
'AMA'; 'VAL'; 70.57179336; 62.49031497; 2.2; 1.3; 2; 0; 10
'AMA'; 'OSA'; 71.1878627; 64.98214392; 2.3; 0.9; 2; 1; 20
'AMA'; 'REA'; 72.18187895; 73.94698339; 2.5; 2.8; 1; 0; 10
'AMA'; 'CEL'; 71.91364323; 64.12897079; 2.3; 1.0; 2; 1; 20
'AMA'; 'ESP'; 71.24190356; 65.48424482; 2.4; 1.1; 0; 1; 10
'AMA'; 'BET'; 71.80383379; 63.87789428; 2.4; 1.0; 5; 0; 20
'AMA'; 'GRA'; 72.04443646; 64.79294567; 2.6; 0.6; 2; 1; 10
'AMA'; 'BIL'; 71.88680056; 68.86594407; 2.5; 1.6; 2; 0; 20
'AMA'; 'VIL'; 71.21399602; 66.80324668; 2.2; 1.5; 1; 1; 10
'AMA'; 'GET'; 71.71072805; 67.20838918; 2.1; 1.5; 7; 0; 20
'AMA'; 'ELC'; 72.18187895; 64.85726843; 2.4; 1.2; 2; 0; 10
'AMA'; 'VAL'; 72.52152542; 68.83401925; 2.4; 1.1; 3; 0; 20
'AMA'; 'LEV'; 72.52152542; 66.63466747; 2.5; 1.0; 3; 2; 20
'AMA'; 'MAL'; 72.24879814; 66.53175811; 2.7; 0.8; 1; 0; 10
'AMA'; 'BAR'; 72.18187895; 76.28830500000001; 2.6; 2.5; 0; 0; 20
'AMA'; 'SEV'; 72.38577396; 68.04037575; 2.6; 2.1; 1; 1; 20
'AMA'; 'RAY'; 71.33821504; 65.80897511; 2.2; 1.2; 4; 2; 10
'AMA'; 'SOC'; 71.10504252; 66.59047427; 2.4; 2.9; 4; 0; 20
'AMA'; 'ALM'; 71.24872162; 63.67980972; 2.6; 0.8; 0; 2; 10
'AMA'; 'VAL'; 71.16287801; 63.59455161; 2.5; 1.6; 3; 0; 20
'AMA'; 'OSA'; 71.76548862; 64.08832458; 2.1; 1.0; 0; 3; 10
'AMA'; 'REA'; 71.71499004; 75.06891808; 1.9; 2.7; 2; 2; 20
'AMA'; 'CEL'; 71.38974561; 64.62729394; 1.8; 1.2; 2; 0; 10
'AMA'; 'ESP'; 71.86082753; 66.05024034; 1.7; 1.0; 1; 0; 20
'AMA'; 'BET'; 71.71499004; 63.69953411; 1.7; 0.8; 2; 0; 10
'AMA'; 'GRA'; 71.94029646; 64.20650917; 1.9; 0.9; 1; 0; 20
'AMA'; 'BIL'; 71.19426811; 68.73668999; 1.9; 1.6; 2; 1; 10
'AMA'; 'VIL'; 71.42536698; 66.56762441; 1.7; 1.2; 1; 0; 20
'AMA'; 'GET'; 71.50613680000001; 65.5302098; 1.4; 0.7; 2; 0; 10
'AMA'; 'ELC'; 71.54715409; 65.78108555; 1.6; 0.5; 2; 0; 20
'AMA'; 'VAL'; 72.11401898; 68.75794255; 1.5; 1.0; 1; 0; 10
'AMA'; 'LEV'; 71.70114019; 66.95007291; 1.6; 0.7; 0; 2; 10
'AMA'; 'MAL'; 71.71072805; 66.62705087; 1.4; 1.3; 1; 1; 20
'AMA'; 'BAR'; 72.52152542; 75.76920962; 1.3; 2.5; 1; 1; 10
'AMA'; 'RAY'; 70.57934788; 64.23716925; 1.3; 1.4; 0; 0; 10
'AMA'; 'EIB'; 70.74598749; 62.34675392; 1.1; 1.0; 2; 1; 20
'AMA'; 'REA'; 70.40009411; 75.31570355; 1.2; 2.7; 2; 1; 10
'AMA'; 'CEL'; 71.79430331; 64.53487118; 1.2; 2.1; 2; 2; 20
'AMA'; 'ALM'; 71.25178747; 61.14537348; 1.3; 1.3; 1; 0; 10
'AMA'; 'SEV'; 71.24127299999999; 67.45255082; 1.2; 1.7; 4; 0; 20
'AMA'; 'VAL'; 71.23149395; 68.31613601; 1.4; 1.9; 1; 3; 10
'AMA'; 'ESP'; 71.25421629; 64.77177318; 1.4; 1.1; 2; 0; 20
'AMA'; 'GET'; 71.19095184; 64.83814294; 1.6; 0.9; 1; 0; 10
'AMA'; 'COR'; 71.36877170000001; 61.88313728; 1.6; 0.8; 4; 2; 20
'AMA'; 'SOC'; 71.0785781; 67.03532844; 1.9; 1.0; 1; 2; 10
'AMA'; 'MAL'; 71.32913211; 65.27727714; 2.0; 1.3; 3; 1; 20
'AMA'; 'COR'; 70.88847555; 64.42163190000001; 2.1; 1.1; 2; 0; 20
'AMA'; 'ELC'; 70.88164263; 64.34624467; 2.1; 0.8; 2; 0; 10
'AMA'; 'VIL'; 71.34681382; 67.69897009; 2.1; 1.7; 0; 1; 20
'AMA'; 'BIL'; 70.45992545; 67.40499505; 2.0; 0.9; 4; 1; 10
'AMA'; 'LEV'; 70.95655845; 65.79679122; 2.0; 1.1; 3; 1; 20
'AMA'; 'BAR'; 71.14250393; 75.77106616; 2.2; 2.2; 1; 3; 10
'AMA'; 'GRA'; 71.04280506; 63.41824373; 2.1; 0.6; 2; 0; 20
'AMA'; 'RAY'; 71.08748481; 58.01631794; 2.2; 0.9; 3; 1; 20
'AMA'; 'EIB'; 69.91815976; 62.61807325; 2.1; 1.2; 3; 1; 10
'AMA'; 'REA'; 71.42172964; 72.55571246; 2.3; 2.8; 4; 0; 20
'AMA'; 'CEL'; 71.02190418; 64.46140825; 2.4; 0.4; 0; 2; 10
'AMA'; 'ALM'; 71.21529025; 62.16561558; 2.2; 1.3; 3; 0; 20
'AMA'; 'SEV'; 71.45667234; 66.49225483; 2.3; 1.7; 0; 0; 10
'AMA'; 'VAL'; 70.88164263; 69.2975532; 2.3; 1.7; 1; 1; 20
'AMA'; 'ESP'; 71.55465101; 63.64481638; 2.0; 1.2; 0; 0; 10
'AMA'; 'GET'; 70.33501515; 64.71645694; 1.7; 1.1; 2; 0; 20
'AMA'; 'COR'; 70.06352333; 61.72477994; 1.8; 0.6; 2; 0; 10
'AMA'; 'SOC'; 70.46967226; 65.33438952; 1.8; 1.5; 2; 0; 20
'AMA'; 'MAL'; 71.29536209999999; 65.32010717; 1.7; 0.9; 2; 2; 10
'AMA'; 'COR'; 70.43357185; 65.1619189; 1.6; 0.6; 2; 1; 10
'AMA'; 'ELC'; 70.51993896; 62.22527176; 1.4; 0.7; 3; 0; 20
'AMA'; 'VIL'; 71.62959321; 66.09778192; 1.7; 0.7; 1; 0; 10
'AMA'; 'BIL'; 71.17534585; 65.36280972; 1.5; 1.3; 0; 0; 20
'AMA'; 'LEV'; 70.97021208; 64.71311727; 1.5; 1.1; 2; 2; 10
'AMA'; 'BAR'; 70.84944537; 75.32871078; 1.6; 3.1; 0; 1; 20
'AMA'; 'GRA'; 70.26783322; 64.65816122; 1.6; 1.1; 0; 0; 10
'AMA'; 'LAS'; 70.57825397; 61.73753891; 1.4; 0.0; 1; 0; 20
'AMA'; 'SEV'; 70.58593494; 68.96072193; 1.3; 1.8; 3; 0; 10
'AMA'; 'BAR'; 70.93273629; 72.51396809; 1.4; 2.7; 1; 2; 20
'AMA'; 'EIB'; 70.60657287; 62.98269792; 1.3; 1.1; 2; 0; 10
'AMA'; 'GET'; 69.59747939; 66.06744666; 1.3; 0.8; 2; 0; 20
'AMA'; 'VIL'; 69.96630111; 65.80622234; 1.2; 1.5; 0; 1; 10
'AMA'; 'REA'; 70.70925144; 72.4367328; 1.1; 3.0; 1; 1; 20
'AMA'; 'SOC'; 70.65906205; 66.41183965; 1.2; 1.0; 2; 0; 10
'AMA'; 'VAL'; 70.58976615; 66.17407682; 1.2; 1.1; 2; 1; 20
'AMA'; 'COR'; 70.58976615; 66.21587596; 1.4; 1.4; 1; 1; 10
'AMA'; 'SPG'; 70.64339770000001; 62.38612957; 1.5; 1.1; 1; 0; 20
'AMA'; 'BET'; 70.80764433; 64.53717903; 1.5; 1.0; 1; 0; 10
'AMA'; 'ESP'; 69.73031024; 62.41508259; 1.3; 1.2; 1; 0; 20
'AMA'; 'GRA'; 69.92539517; 62.00780537; 1.3; 1.1; 2; 0; 10
'AMA'; 'BIL'; 69.94220189; 67.35780898; 1.3; 1.7; 2; 1; 20
'AMA'; 'MAL'; 69.94220189; 66.35834266; 1.3; 0.9; 0; 1; 10
'AMA'; 'RAY'; 70.08444275; 62.60807547; 1.3; 1.2; 2; 0; 10
'AMA'; 'LEV'; 70.5041307; 62.10521323; 1.4; 0.6; 1; 0; 20
'AMA'; 'CEL'; 69.52531563; 64.31937384; 1.3; 1.1; 2; 0; 10
'AMA'; 'LAS'; 69.93260279; 62.56613009; 1.3; 1.3; 3; 0; 10
'AMA'; 'SEV'; 69.62945224; 67.19570537; 1.5; 1.4; 0; 0; 20
'AMA'; 'BAR'; 69.50850891; 75.77106616; 1.4; 3.0; 1; 2; 10
'AMA'; 'EIB'; 66.95439591; 61.35885355; 1.4; 1.8; 3; 1; 20
'AMA'; 'GET'; 70.27987749; 65.32513049; 1.6; 1.2; 1; 0; 10
'AMA'; 'VIL'; 70.09882767; 66.76137005; 1.5; 1.2; 0; 0; 20
'AMA'; 'REA'; 70.28708512; 72.97551346; 1.3; 3.9; 1; 0; 10
'AMA'; 'SOC'; 69.52531563; 64.81215582; 1.4; 1.9; 3; 0; 20
'AMA'; 'VAL'; 68.09563936; 67.86240891; 1.5; 1.1; 3; 1; 10
'AMA'; 'COR'; 69.92539517; 65.26660694; 1.7; 1.1; 3; 0; 20
'AMA'; 'SPG'; 67.66297943; 62.27023263; 1.8; 1.3; 1; 2; 10
'AMA'; 'BET'; 67.76649661; 62.15487199; 1.6; 1.4; 5; 1; 20
'AMA'; 'ESP'; 69.65328428; 62.22204999; 2.1; 1.2; 3; 1; 10
'AMA'; 'GRA'; 68.83605858; 63.88429339; 2.3; 0.9; 3; 0; 20
'AMA'; 'BIL'; 69.00224976; 68.26262938; 2.3; 1.8; 1; 0; 10
'AMA'; 'MAL'; 69.04370457; 64.93559108; 2.3; 1.0; 1; 0; 20
'AMA'; 'RAY'; 66.54641909; 60.43023571; 2.4; 1.4; 1; 0; 20
'AMA'; 'LEV'; 69.20850576; 64.6571422; 2.4; 1.0; 1; 2; 10
'AMA'; 'CEL'; 70.39122172; 64.07620206; 2.2; 1.2; 2; 0; 20
