'EIB'; 'SOC'; 62.34675392; 65.9065423; 0.0; 1.3; 1; 0; 20
'EIB'; 'AMA'; 62.34675392; 70.74598749; 1.0; 1.1; 1; 2; 10
'EIB'; 'COR'; 62.34675392; 65.09159437; 1.0; 0.8; 0; 1; 20
'EIB'; 'ELC'; 62.43986243; 63.96323968; 0.666666667; 0.9; 2; 0; 10
'EIB'; 'VIL'; 62.84522381; 65.69847951; 1.0; 1.5; 1; 1; 20
'EIB'; 'BIL'; 62.15198364; 68.10125933; 1.0; 1.2; 0; 0; 10
'EIB'; 'LEV'; 62.30674554; 64.47893145; 0.833333333; 0.6; 3; 3; 20
'EIB'; 'BAR'; 62.68369476; 74.28874545; 1.142857143; 2.2; 0; 3; 10
'EIB'; 'GRA'; 63.01071804; 63.02734436; 1.0; 0.6; 1; 1; 20
'EIB'; 'RAY'; 62.54953054; 66.16227831; 1.0; 1.2; 3; 2; 10
'EIB'; 'MAL'; 62.15198364; 65.46124503; 1.2; 1.2; 1; 2; 10
'EIB'; 'REA'; 62.83740932; 74.86994401; 1.2; 4.0; 0; 4; 20
'EIB'; 'CEL'; 63.36088639; 64.68378893; 1.1; 1.3; 1; 0; 10
'EIB'; 'ALM'; 63.29595133; 61.58840452; 1.2; 0.7; 5; 2; 20
'EIB'; 'SEV'; 62.92518529; 68.06548543; 1.5; 1.7; 0; 0; 10
'EIB'; 'VAL'; 62.65988047; 68.98092592; 1.4; 1.5; 0; 1; 20
'EIB'; 'ESP'; 63.27114058; 65.07114204; 1.4; 1.3; 2; 1; 10
'EIB'; 'GET'; 62.79003078; 65.66304069; 1.3; 0.9; 2; 1; 20
'EIB'; 'COR'; 63.13802369; 61.4073309; 1.5; 0.6; 1; 1; 10
'EIB'; 'SOC'; 61.90726371; 66.87340574; 1.5; 0.9; 0; 1; 10
'EIB'; 'AMA'; 62.61807325; 69.91815976; 1.2; 2.1; 1; 3; 20
'EIB'; 'COR'; 63.27382545; 65.0138709; 1.2; 1.0; 0; 2; 10
'EIB'; 'ELC'; 62.12636874; 64.0965647; 1.2; 0.8; 0; 1; 20
'EIB'; 'VIL'; 62.36084055; 65.35261366; 1.1; 1.8; 0; 1; 10
'EIB'; 'BIL'; 62.57147953; 66.68242671; 0.6; 0.9; 0; 1; 20
'EIB'; 'LEV'; 63.29713196; 64.60442391; 0.6; 1.0; 1; 2; 10
'EIB'; 'BAR'; 63.06503201; 71.45709318; 0.7; 3.5; 0; 2; 20
'EIB'; 'GRA'; 62.51332269; 64.82512448; 0.5; 0.8; 0; 0; 10
'EIB'; 'RAY'; 62.20646514; 64.9258189; 0.3; 1.4; 1; 2; 20
'EIB'; 'MAL'; 62.19193512; 64.991788; 0.3; 1.0; 1; 0; 20
'EIB'; 'REA'; 62.04357653; 71.15975312; 0.4; 2.1; 0; 3; 10
'EIB'; 'CEL'; 62.5356953; 65.26497846; 0.3; 1.6; 0; 1; 20
'EIB'; 'ALM'; 64.26609453; 61.64240006; 0.3; 0.7; 0; 2; 10
'EIB'; 'SEV'; 62.87323739; 66.97245941; 0.3; 2.1; 1; 3; 20
'EIB'; 'VAL'; 63.52695195; 68.37357857; 0.4; 1.8; 1; 3; 10
'EIB'; 'ESP'; 62.76504719; 64.42021408; 0.5; 1.0; 0; 2; 20
'EIB'; 'GET'; 62.4291254; 66.16615391; 0.4; 0.5; 1; 1; 10
'EIB'; 'COR'; 62.56062198; 60.098239799999995; 0.5; 0.8; 3; 0; 20
'EIB'; 'GRA'; 62.62211733; 63.01957654; 0.8; 1.1; 3; 1; 10
'EIB'; 'BIL'; 62.98269792; 65.18317596; 1.0; 1.5; 2; 0; 20
'EIB'; 'MAL'; 62.98269792; 65.68367491; 1.1; 1.0; 0; 0; 10
'EIB'; 'AMA'; 62.98269792; 70.60657287; 1.1; 1.3; 0; 2; 20
'EIB'; 'LEV'; 62.3677956; 62.96929978; 1.1; 0.7; 2; 2; 10
'EIB'; 'CEL'; 62.35464414; 63.38565067; 1.3; 2.2; 1; 1; 20
'EIB'; 'LAS'; 62.28267444; 56.23610444; 1.3; 1.0; 2; 0; 10
'EIB'; 'SEV'; 62.43802101; 67.12044525; 1.4; 1.3; 1; 1; 20
'EIB'; 'BAR'; 62.16039694; 72.15192495; 1.5; 2.0; 1; 3; 10
'EIB'; 'RAY'; 61.70446238; 64.64386518; 1.5; 1.3; 1; 0; 20
'EIB'; 'GET'; 60.58537136; 66.07561405; 1.3; 1.0; 3; 1; 20
'EIB'; 'VIL'; 61.83069221; 65.17050739; 1.3; 1.4; 1; 1; 10
'EIB'; 'REA'; 62.28267444; 72.49901418; 1.2; 2.1; 0; 2; 20
'EIB'; 'SOC'; 61.90428529; 66.94461786; 1.2; 1.4; 1; 2; 10
'EIB'; 'VAL'; 61.54610372; 65.56789687; 1.3; 1.6; 1; 1; 20
'EIB'; 'COR'; 62.30624746; 64.91383696; 1.2; 1.5; 0; 2; 10
'EIB'; 'SPG'; 62.37279596; 55.361849600000006; 1.1; 1.1; 2; 0; 20
'EIB'; 'BET'; 63.82896437; 62.82651695; 1.1; 0.6; 4; 0; 10
'EIB'; 'ESP'; 63.22831502; 55.43835226; 1.4; 0.6; 2; 1; 20
'EIB'; 'GRA'; 63.43105672; 61.38382441; 1.5; 1.1; 5; 1; 20
'EIB'; 'BIL'; 62.13917731; 66.37724749; 1.9; 1.1; 2; 5; 10
'EIB'; 'MAL'; 61.76714625; 65.35705751; 1.8; 1.1; 1; 2; 20
'EIB'; 'AMA'; 61.35885355; 66.95439591; 1.8; 1.4; 1; 3; 10
'EIB'; 'LEV'; 62.6850782; 64.75522266; 1.9; 1.1; 2; 0; 20
'EIB'; 'CEL'; 61.76083578; 63.4549294; 2.0; 1.0; 2; 3; 10
'EIB'; 'LAS'; 61.96177373; 63.22278913; 2.1; 1.2; 0; 1; 20
'EIB'; 'SEV'; 61.85990263; 67.74242525; 2.1; 1.6; 0; 1; 10
'EIB'; 'BAR'; 61.98544376; 75.27406081; 1.9; 3.4; 0; 4; 20
'EIB'; 'RAY'; 62.23127614; 64.31158913; 1.5; 1.8; 1; 1; 10
'EIB'; 'GET'; 62.52314217; 65.16095628; 1.4; 0.6; 1; 1; 10
'EIB'; 'VIL'; 61.87290383; 65.70988461; 1.0; 1.1; 1; 2; 20
'EIB'; 'REA'; 63.21901222; 70.75676017; 0.9; 3.1; 0; 4; 10
'EIB'; 'SOC'; 63.27174936; 64.76714361; 0.8; 1.4; 2; 1; 20
'EIB'; 'VAL'; 62.9569084; 68.12187926; 0.9; 1.2; 0; 4; 10
'EIB'; 'COR'; 61.75909189; 64.41988724; 0.7; 0.9; 1; 1; 20
'EIB'; 'SPG'; 62.77418803; 63.04153658; 0.6; 0.7; 0; 2; 10
'EIB'; 'BET'; 61.59806397; 64.36105165; 0.6; 1.0; 1; 1; 20
'EIB'; 'ESP'; 62.423590100000006; 62.41204999; 0.7; 1.0; 2; 4; 10
