'REA'; 'COR'; 75.07582416; 67.03553027; 0.0; 0.0; 1; 2; 10
'REA'; 'NUM'; 74.06162959; 49.89383819; 1.0; 1.0; 4; 3; 20
'REA'; 'SAN'; 67.74101897; 65.11858968; 2.5; 1.0; 2; 0; 10
'REA'; 'SPG'; 67.24344777; 55.64195187; 2.333333333; 1.6666666669999999; 7; 1; 20
'REA'; 'BET'; 66.95905649; 65.59943908; 3.5; 0.5; 2; 1; 10
'REA'; 'ESP'; 67.69556442; 66.97299292; 3.2; 0.8; 2; 2; 20
'REA'; 'AMA'; 68.0899564; 70.61979998; 3.0; 2.0; 2; 1; 10
'REA'; 'BIL'; 73.44545879; 61.39560286; 2.857142857; 0.571428571; 3; 2; 20
'REA'; 'ALM'; 75.43515119999999; 65.13273818; 2.875; 1.125; 1; 1; 10
'REA'; 'MAL'; 74.01825903; 64.44009126; 2.666666667; 1.5; 4; 3; 20
'REA'; 'VAL'; 74.31758563; 66.799776; 2.8; 1.6; 0; 1; 10
'REA'; 'HUE'; 73.60679141; 58.85942306; 2.7; 0.4; 1; 0; 20
'REA'; 'GET'; 73.72682508; 68.59237661; 2.4; 0.9; 1; 3; 10
'REA'; 'SEV'; 74.15849472; 69.83926765; 2.3; 1.3; 3; 4; 20
'REA'; 'BAR'; 73.56082757; 75.52851054; 1.9; 3.4; 0; 2; 10
'REA'; 'VAL'; 73.16679173; 71.13091429; 1.7; 2.0; 1; 0; 20
'REA'; 'VIL'; 75.55340517; 71.15616642; 1.6; 1.8; 1; 0; 20
'REA'; 'MAL'; 75.37028829; 66.47680942; 1.5; 1.4; 3; 0; 10
'REA'; 'OSA'; 75.37028829; 67.49440092; 1.5; 1.6; 3; 1; 20
'REA'; 'COR'; 75.37028829; 67.08747484; 1.7; 1.5; 1; 0; 20
'REA'; 'NUM'; 75.37028829; 62.47210921; 1.4; 1.5; 2; 0; 10
'REA'; 'SAN'; 75.82070151; 65.80928736; 1.6; 1.3; 1; 0; 20
'REA'; 'SPG'; 74.70467501; 57.08752603; 1.6; 0.9; 4; 0; 10
'REA'; 'BET'; 74.52155813; 64.10768984; 1.9; 1.1; 6; 1; 20
'REA'; 'ESP'; 76.13513152; 67.33662928; 2.2; 1.1; 2; 0; 10
'REA'; 'AMA'; 74.82757120000001; 69.67506164; 2.4; 1.7; 1; 1; 20
'REA'; 'BIL'; 75.00035519; 67.84195458; 2.4; 1.5; 5; 2; 10
'REA'; 'ALM'; 75.80468419; 65.11232425; 2.8; 1.6; 3; 0; 20
'REA'; 'MAL'; 74.32372263; 64.41810491; 2.8; 1.7; 1; 0; 10
'REA'; 'VAL'; 74.78933521; 66.1321524; 2.6; 1.6; 2; 0; 20
'REA'; 'HUE'; 75.65982653; 63.62882866; 2.7; 0.9; 1; 0; 10
'REA'; 'GET'; 75.17632003; 67.64972643; 2.6; 0.9; 3; 2; 20
'REA'; 'SEV'; 73.81888433; 68.80642308; 2.8; 1.5; 4; 2; 10
'REA'; 'BAR'; 74.69827827; 77.22336623; 2.8; 2.4; 2; 6; 20
'REA'; 'VAL'; 74.46970684; 72.02804715; 2.4; 1.0; 0; 3; 10
'REA'; 'VIL'; 74.19984589; 69.45514132; 2.2; 1.2; 2; 3; 10
'REA'; 'MAL'; 74.96990361; 67.12534219; 2.3; 1.5; 1; 3; 20
'REA'; 'OSA'; 71.70242621; 61.13853456; 1.9; 1.2; 1; 2; 10
'REA'; 'COR'; 75.12610068; 67.44979631; 1.7; 1.1; 3; 2; 20
'REA'; 'ESP'; 74.05641814; 67.37836482; 1.9; 1.8; 3; 0; 10
'REA'; 'XER'; 75.45743418; 55.53115364; 2.0; 0.0; 5; 0; 20
'REA'; 'VIL'; 74.94107547; 70.6365009; 2.4; 2.0; 2; 0; 10
'REA'; 'TEN'; 74.21721685; 62.09767885; 2.3; 0.75; 3; 0; 20
'REA'; 'SEV'; 75.04610562; 70.25573905; 2.2; 2.0; 1; 2; 10
'REA'; 'VAL'; 74.62245975; 64.09686219; 2.1; 1.3; 4; 2; 20
'REA'; 'SPG'; 73.83590101; 65.11926996; 2.5; 1.6; 0; 0; 10
'REA'; 'GET'; 75.11246401; 67.72649411; 2.3; 1.4; 2; 0; 20
'REA'; 'AMA'; 75.13087892; 69.37667628; 2.4; 1.3; 3; 2; 10
'REA'; 'SAN'; 73.67009945; 66.47581754; 2.6; 1.0; 1; 0; 20
'REA'; 'BAR'; 75.11246401; 75.99405608; 2.4; 2.6; 0; 1; 10
'REA'; 'ALM'; 75.44702882; 65.22310920000001; 2.1; 1.2; 4; 2; 20
'REA'; 'VAL'; 75.01933762; 69.4379394; 2.0; 1.6; 3; 2; 10
'REA'; 'ZAR'; 74.18311404; 59.90472673; 2.1; 1.3; 6; 0; 20
'REA'; 'OSA'; 74.78333049; 67.27479302; 2.4; 0.9; 0; 0; 10
'REA'; 'MAL'; 74.97893421; 66.83337074; 2.3; 1.7; 2; 0; 20
'REA'; 'BIL'; 75.58878011; 69.30324535; 2.1; 1.4; 0; 1; 10
'REA'; 'MAL'; 75.96751519; 58.3333265; 2.1; 1.3; 2; 0; 20
'REA'; 'COR'; 74.83020868; 65.73611296; 2.1; 1.1; 3; 1; 10
'REA'; 'ESP'; 74.83020868; 67.28774917; 2.1; 0.6; 3; 0; 20
'REA'; 'XER'; 75.23446775; 56.15741627; 2.3; 0.9; 3; 0; 10
'REA'; 'VIL'; 74.5037296; 67.56058925; 2.6; 1.6; 6; 2; 20
'REA'; 'TEN'; 74.72907396; 61.49627829; 2.8; 0.6; 5; 1; 10
'REA'; 'SEV'; 74.87645688; 69.34995740000001; 3.0; 1.1; 3; 2; 20
'REA'; 'VAL'; 74.41060322; 64.27393877; 2.7; 1.0; 4; 1; 10
'REA'; 'SPG'; 74.42901814; 65.07738048; 3.1; 1.1; 3; 1; 20
'REA'; 'GET'; 74.24741943; 66.91060606; 3.2; 1.0; 4; 2; 10
'REA'; 'AMA'; 74.14525493; 70.9186159; 3.6; 1.2; 3; 2; 20
'REA'; 'SAN'; 72.86720754; 66.14568349; 3.7; 0.7; 2; 0; 10
'REA'; 'BAR'; 74.5179822; 76.08388137; 3.6; 2.5; 0; 2; 20
'REA'; 'ALM'; 74.66040645; 65.32665149; 3.3; 1.1; 2; 1; 10
'REA'; 'VAL'; 74.66040645; 70.57059206; 3.2; 1.0; 2; 0; 20
'REA'; 'ZAR'; 74.67882136; 66.76295012; 2.8; 1.1; 2; 1; 10
'REA'; 'OSA'; 74.23838132; 60.21080939; 2.5; 0.6; 3; 2; 20
'REA'; 'MAL'; 74.34054582; 67.03763952; 2.5; 1.5; 4; 1; 10
'REA'; 'BIL'; 74.19070948; 68.79974884; 2.5; 1.3; 5; 1; 20
'REA'; 'MAL'; 74.37059928; 64.12791838; 2.7; 1.2; 1; 1; 10
'REA'; 'MAL'; 75.04666937; 65.06631751; 2.4; 1.2; 0; 0; 10
'REA'; 'OSA'; 76.49045583; 67.06124121; 2.1; 1.1; 1; 0; 20
'REA'; 'SOC'; 76.36807821; 66.60025471; 2.0; 1.5; 2; 1; 10
'REA'; 'ESP'; 76.31153992; 65.45316131; 2.2; 0.8; 3; 0; 20
'REA'; 'LEV'; 75.90672673; 58.22877549; 2.3; 1.0; 0; 0; 10
'REA'; 'COR'; 76.36807821; 65.01568934; 2.1; 0.4; 6; 1; 20
'REA'; 'MAL'; 75.70126655; 65.31738537; 2.5; 1.6; 4; 1; 10
'REA'; 'SAN'; 75.70126655; 66.15002717; 2.6; 0.8; 6; 1; 20
'REA'; 'HER'; 76.36807821; 63.89516595; 2.8; 1.0; 3; 1; 10
'REA'; 'AMA'; 76.36807821; 71.30455934; 2.6; 1.3; 2; 0; 20
'REA'; 'SPG'; 76.36807821; 65.09911585; 2.7; 1.0; 1; 0; 10
'REA'; 'BIL'; 76.36807821; 68.89193333; 2.8; 1.8; 5; 1; 20
'REA'; 'BAR'; 76.36807821; 76.98370538; 3.2; 3.0; 0; 5; 10
'REA'; 'VAL'; 74.68705077; 69.26075538; 3.0; 1.3; 2; 0; 20
'REA'; 'ZAR'; 75.64472826; 66.03621656; 2.9; 1.0; 3; 1; 10
'REA'; 'SEV'; 75.82931394; 69.6422431; 3.2; 1.4; 1; 0; 20
'REA'; 'GET'; 75.86467395; 66.82368026; 2.7; 1.5; 3; 2; 10
'REA'; 'VIL'; 76.05711787; 69.04373436; 2.6; 1.8; 4; 2; 20
'REA'; 'ALM'; 75.17070226; 65.62214704; 2.4; 1.0; 1; 1; 10
'REA'; 'MAL'; 74.81059466; 58.1291478; 2.2; 1.5; 1; 0; 20
'REA'; 'OSA'; 75.57489189; 66.29677275; 2.1; 0.8; 0; 1; 10
'REA'; 'SOC'; 75.39695241; 66.00273405; 2.0; 1.8; 4; 1; 20
'REA'; 'ESP'; 75.70126655; 66.14879502; 1.9; 1.8; 1; 0; 10
'REA'; 'LEV'; 74.10945836; 59.79082342; 2.0; 1.0; 2; 0; 20
'REA'; 'COR'; 76.29977120000001; 66.77416368; 2.0; 0.9; 0; 0; 10
'REA'; 'MAL'; 76.05711787; 66.26083407; 1.7; 1.1; 7; 0; 20
'REA'; 'SAN'; 75.41054425; 65.93488982; 2.3; 1.1; 3; 1; 10
'REA'; 'HER'; 74.54809386; 57.07179487; 2.3; 0.7; 2; 0; 20
'REA'; 'AMA'; 75.46175453; 72.00617987; 2.1; 1.3; 2; 1; 10
'REA'; 'SPG'; 74.26155856; 64.91239901; 2.2; 1.0; 0; 1; 20
'REA'; 'BIL'; 74.48799403; 67.93819124; 2.1; 1.5; 3; 0; 10
'REA'; 'BAR'; 75.46917453; 76.77760933; 2.4; 1.8; 1; 1; 20
'REA'; 'VAL'; 72.55487174; 69.73282571; 2.1; 1.8; 6; 3; 10
'REA'; 'ZAR'; 73.43481593; 65.62253413; 2.6; 1.0; 2; 3; 20
'REA'; 'SEV'; 76.10732728; 68.98520495; 2.6; 1.6; 6; 2; 10
'REA'; 'GET'; 74.13014392; 65.96482615; 3.2; 1.1; 4; 0; 20
'REA'; 'VIL'; 75.52566969; 69.30072211; 2.9; 0.8; 3; 1; 10
'REA'; 'ALM'; 75.20725350000001; 64.40267370000001; 2.9; 0.7; 8; 1; 20
'REA'; 'ZAR'; 76.07236243; 65.67482553; 3.5; 1.2; 6; 0; 10
'REA'; 'GET'; 76.07236243; 66.50577021; 3.9; 1.1; 4; 2; 20
'REA'; 'LEV'; 75.02617038; 66.29912214; 4.3; 0.9; 0; 1; 10
'REA'; 'SAN'; 74.59696797; 64.10457954; 4.0; 1.3; 0; 0; 10
'REA'; 'RAY'; 75.75889197; 65.38371651; 3.9; 0.75; 6; 2; 20
'REA'; 'ESP'; 75.85290523; 66.06153426; 3.9; 1.1; 4; 0; 10
'REA'; 'BET'; 76.10732728; 66.0222598; 4.1; 1.3; 4; 1; 20
'REA'; 'MAL'; 76.10160525; 70.23102996; 3.9; 1.3; 4; 0; 10
'REA'; 'VIL'; 76.10160525; 68.68898992; 3.9; 0.8; 3; 0; 20
'REA'; 'SOC'; 75.89398777; 66.20348589999999; 3.9; 1.0; 1; 0; 10
'REA'; 'OSA'; 75.95052606; 65.39756241; 3.2; 1.3; 7; 1; 20
'REA'; 'VAL'; 75.26931061; 70.44921745; 3.3; 1.3; 3; 2; 10
'REA'; 'AMA'; 76.3128834; 71.32085456; 3.2; 1.7; 4; 1; 20
'REA'; 'SPG'; 75.6581215; 65.22699501; 3.6; 1.0; 3; 0; 10
'REA'; 'BAR'; 76.01716762; 77.50956515; 3.9; 2.5; 1; 3; 20
'REA'; 'SEV'; 75.50217981; 69.86231615; 3.4; 1.0; 6; 2; 10
'REA'; 'GRA'; 75.94215661; 65.81672139; 3.6; 0.8; 5; 1; 20
'REA'; 'MAL'; 75.56444013; 65.00968216; 3.7; 1.0; 2; 1; 10
'REA'; 'BIL'; 75.32959083; 70.18589452; 3.5; 1.5; 4; 1; 20
'REA'; 'ZAR'; 75.06753734; 65.53498332; 3.6; 0.5; 3; 1; 20
'REA'; 'GET'; 75.88221905; 66.62145654; 3.8; 1.3; 1; 0; 10
'REA'; 'LEV'; 75.73173336; 66.26291482; 3.2; 1.0; 4; 2; 20
'REA'; 'SAN'; 75.79094231; 64.86571068; 3.3; 1.0; 4; 0; 20
'REA'; 'RAY'; 76.16386557; 64.95192432; 3.3; 1.7; 1; 0; 10
'REA'; 'ESP'; 75.89495801; 66.98442393; 3.1; 1.6; 5; 0; 20
'REA'; 'BET'; 76.16386557; 66.1610878; 3.5; 1.4; 3; 2; 10
'REA'; 'MAL'; 76.30111468; 70.5781822; 3.2; 2.1; 1; 1; 20
'REA'; 'VIL'; 75.26931061; 68.06499199; 2.8; 1.2; 1; 1; 10
'REA'; 'SOC'; 75.73087845; 67.36727298; 2.7; 1.4; 5; 1; 20
'REA'; 'OSA'; 75.70241954; 65.99209789; 2.8; 1.2; 5; 1; 10
'REA'; 'VAL'; 75.83812969; 69.72601329; 3.0; 1.5; 0; 0; 20
'REA'; 'AMA'; 75.87649702; 71.77775074; 2.9; 1.1; 4; 1; 10
'REA'; 'SPG'; 75.23704985; 64.34053117; 2.9; 1.2; 3; 1; 20
'REA'; 'BAR'; 75.95052606; 76.63494847; 2.8; 2.8; 2; 1; 10
'REA'; 'SEV'; 75.83446396; 68.17143596; 2.9; 1.5; 3; 0; 20
'REA'; 'BIL'; 75.39587019; 68.60525171; 2.7; 0.8; 3; 0; 10
'REA'; 'GRA'; 73.10137929; 65.07934086; 2.7; 1.2; 2; 1; 10
'REA'; 'MAL'; 76.29801191; 64.95165324; 2.8; 1.1; 4; 1; 20
'REA'; 'VAL'; 75.89398777; 70.38894076; 3.1; 1.5; 1; 1; 20
'REA'; 'GET'; 75.86467395; 67.17379491; 2.7; 1.0; 1; 2; 10
'REA'; 'GRA'; 75.55609572; 65.66258906; 2.3; 0.8; 3; 0; 20
'REA'; 'SEV'; 76.17563429; 70.10866247; 2.6; 1.5; 0; 1; 10
'REA'; 'RAY'; 76.05461914; 65.37167338; 2.2; 1.0; 2; 0; 10
'REA'; 'COR'; 76.01563459999998; 65.86962593; 2.1; 1.1; 5; 1; 20
'REA'; 'BAR'; 76.17563429; 75.86992325; 2.4; 3.4; 2; 2; 10
'REA'; 'CEL'; 76.37738711; 63.87090463; 2.3; 1.285714286; 2; 0; 20
'REA'; 'MAL'; 76.38915583; 65.25003549; 2.2; 1.3; 5; 0; 10
'REA'; 'ZAR'; 76.07500467; 65.10207217; 2.5; 1.1; 4; 0; 20
'REA'; 'LEV'; 74.60099649; 66.76864174; 2.5; 1.2; 2; 1; 10
'REA'; 'BIL'; 75.62666957; 68.74459483; 2.6; 1.3; 5; 1; 20
'REA'; 'BET'; 75.95052606; 65.56506377; 3.0; 1.3; 0; 1; 10
'REA'; 'AMA'; 75.95052606; 72.03054138; 2.7; 2.0; 2; 0; 20
'REA'; 'VAL'; 74.78802706; 65.33078476; 2.9; 1.3; 3; 2; 10
'REA'; 'ESP'; 75.94790369; 66.30059971; 3.0; 0.8; 2; 2; 20
'REA'; 'MAL'; 74.67552505; 69.49235557; 2.7; 1.2; 2; 3; 10
'REA'; 'SOC'; 73.15339703; 67.81543315; 2.7; 1.6; 4; 3; 20
'REA'; 'OSA'; 73.63925959; 64.38060616; 2.9; 0.7; 0; 0; 10
'REA'; 'VAL'; 74.99753942; 70.61124808; 2.4; 1.7; 5; 0; 10
'REA'; 'GET'; 74.18958439; 67.43124717; 2.5; 1.3; 4; 0; 20
'REA'; 'GRA'; 74.87303481; 65.78795575; 2.7; 0.7; 0; 1; 10
'REA'; 'SEV'; 75.04056927; 69.4931819; 2.2; 1.1; 4; 1; 20
'REA'; 'RAY'; 74.97232170000001; 65.86661148; 2.6; 1.5; 2; 0; 20
'REA'; 'COR'; 73.62995705; 66.98243443; 2.6; 0.7; 2; 1; 10
'REA'; 'BAR'; 73.14516593; 75.809333; 2.5; 3.2; 2; 1; 20
'REA'; 'CEL'; 74.65100027; 64.50831723; 2.5; 0.9; 2; 1; 10
'REA'; 'MAL'; 74.30090809999999; 65.30646229; 2.5; 1.0; 5; 2; 20
'REA'; 'ZAR'; 74.84306605; 64.40903793; 2.6; 0.4; 1; 1; 10
'REA'; 'LEV'; 74.64188098; 66.37505976; 2.7; 1.0; 5; 1; 20
'REA'; 'BIL'; 75.79817689; 67.79404387; 2.7; 1.0; 3; 0; 10
'REA'; 'BET'; 72.98516258; 66.13355533; 2.6; 1.6; 3; 1; 20
'REA'; 'AMA'; 72.62549392; 71.8058001; 2.9; 1.4; 2; 1; 10
'REA'; 'VAL'; 74.04460689; 65.19147419; 2.7; 2.2; 4; 3; 20
'REA'; 'MAL'; 73.70950896; 68.98494050000001; 2.9; 1.1; 6; 2; 20
'REA'; 'ESP'; 72.36318887; 66.32524173; 3.3; 1.1; 1; 1; 10
'REA'; 'SOC'; 73.14211325; 68.14434720000001; 3.2; 2.2; 3; 3; 10
'REA'; 'OSA'; 72.68965062; 62.7522672; 3.3; 0.8; 4; 2; 20
'REA'; 'BET'; 74.23802962; 65.27071344; 3.2; 1.8; 2; 1; 20
'REA'; 'GRA'; 75.43822823; 64.6672977; 3.3; 1.3; 1; 0; 10
'REA'; 'BIL'; 75.14254616; 68.25507440000001; 2.9; 1.4; 3; 1; 20
'REA'; 'VIL'; 73.30524713; 67.03010012; 2.9; 1.6; 2; 2; 10
'REA'; 'GET'; 72.32191537; 66.1667755; 2.8; 0.8; 4; 1; 20
'REA'; 'ELC'; 74.91743793; 65.07265794; 3.0; 0.8; 2; 1; 10
'REA'; 'AMA'; 73.94698339; 72.18187895; 2.8; 2.5; 0; 1; 20
'REA'; 'LEV'; 74.42433352; 66.02502218; 2.2; 1.0; 3; 2; 10
'REA'; 'MAL'; 73.82167839; 66.7698807; 2.4; 1.6; 2; 0; 20
'REA'; 'BAR'; 74.7419685; 77.12084284; 2.3; 3.2; 1; 2; 10
'REA'; 'SEV'; 73.76470793; 67.41892483; 2.0; 1.7; 7; 3; 20
'REA'; 'RAY'; 74.71850485; 65.51908016; 2.5; 0.5; 3; 2; 10
'REA'; 'SOC'; 73.88844689; 68.04608886; 2.7; 1.5; 5; 1; 20
'REA'; 'ALM'; 74.1432654; 63.92625933; 2.9; 0.9; 5; 0; 10
'REA'; 'VAL'; 74.49815853; 62.2933201; 3.2; 1.3; 4; 0; 20
'REA'; 'OSA'; 75.23689979; 64.08832458; 3.2; 0.7; 2; 2; 10
'REA'; 'VAL'; 74.33046929; 68.43052351; 3.2; 1.2; 3; 2; 10
'REA'; 'CEL'; 75.15117906; 64.25746583; 3.5; 1.4; 3; 0; 20
'REA'; 'ESP'; 75.55997672; 64.9983203; 3.5; 1.1; 1; 0; 10
'REA'; 'BET'; 74.94361308; 65.21806277; 3.4; 0.7; 5; 0; 10
'REA'; 'GRA'; 74.94361308; 58.20428846; 3.8; 1.3; 2; 0; 20
'REA'; 'BIL'; 74.61481543; 68.66910663; 3.3; 2.3; 1; 1; 10
'REA'; 'VIL'; 73.84491178; 64.99230551; 3.1; 2.2; 4; 2; 20
'REA'; 'GET'; 75.2940263; 66.63808777; 3.0; 0.5; 3; 0; 10
'REA'; 'ELC'; 73.15141409; 64.62049608; 2.8; 0.7; 3; 0; 20
'REA'; 'AMA'; 75.06891808; 71.71499004; 2.7; 1.9; 2; 2; 10
'REA'; 'LEV'; 74.45050866; 66.3625625; 2.7; 1.1; 3; 0; 20
'REA'; 'MAL'; 73.92197156; 66.37202507; 2.7; 0.7; 1; 0; 10
'REA'; 'BAR'; 74.94361308; 76.75202129; 2.5; 2.8; 3; 4; 20
'REA'; 'SEV'; 73.27197156; 68.75578419; 2.7; 1.7; 1; 2; 10
'REA'; 'RAY'; 73.74805031; 64.92137357; 2.3; 1.5; 5; 0; 20
'REA'; 'SOC'; 72.72878714; 67.07428751; 2.6; 1.2; 4; 0; 10
'REA'; 'ALM'; 72.15308302; 63.14088668; 2.9; 1.2; 4; 0; 20
'REA'; 'OSA'; 71.7589761; 65.03003249; 2.9; 0.8; 4; 0; 20
'REA'; 'VAL'; 73.15697719; 69.64579427; 3.0; 0.9; 2; 2; 20
'REA'; 'VAL'; 74.46985304; 63.91579641; 2.9; 0.9; 1; 1; 10
'REA'; 'CEL'; 72.57538087; 65.66808837; 2.8; 1.4; 0; 2; 10
'REA'; 'ESP'; 73.23171447; 65.38402469; 2.5; 0.8; 3; 1; 20
'REA'; 'COR'; 75.54081177; 60.77001645; 2.7; 1.3; 2; 0; 20
'REA'; 'SOC'; 74.88130764; 65.95098627; 2.6; 1.0; 2; 4; 10
'REA'; 'AMA'; 75.31570355; 70.40009411; 2.7; 1.2; 1; 2; 20
'REA'; 'COR'; 75.04770736; 65.09259464; 2.3; 0.9; 8; 2; 10
'REA'; 'ELC'; 73.26037893; 63.54951239; 2.7; 0.8; 5; 1; 20
'REA'; 'VIL'; 74.69729413; 67.75664736; 2.8; 1.5; 2; 0; 10
'REA'; 'BIL'; 75.19039855; 68.64145247; 2.6; 1.1; 5; 0; 20
'REA'; 'LEV'; 72.69410864; 64.65688485; 2.9; 0.8; 5; 0; 10
'REA'; 'BAR'; 74.7816009; 76.54314761; 3.3; 2.3; 3; 1; 20
'REA'; 'GRA'; 74.7816009; 63.37030403; 3.6; 0.7; 4; 0; 10
'REA'; 'RAY'; 73.74821597; 59.49574752; 3.7; 1.3; 5; 1; 20
'REA'; 'EIB'; 74.86994401; 62.83740932; 4.0; 1.2; 4; 0; 10
'REA'; 'MAL'; 74.86994401; 65.16180336; 4.2; 1.4; 2; 1; 10
'REA'; 'CEL'; 74.21994401; 64.65063787; 4.3; 1.1; 3; 0; 20
'REA'; 'ALM'; 73.2122885; 61.96385298; 3.8; 0.7; 4; 1; 10
'REA'; 'VAL'; 74.86994401; 69.19461868; 3.7; 1.5; 1; 2; 10
'REA'; 'ESP'; 74.29668441; 64.27141545; 3.6; 1.2; 3; 0; 20
'REA'; 'GET'; 74.37683959; 66.16355396; 3.4; 0.8; 3; 0; 10
'REA'; 'COR'; 74.46649476; 61.68504926; 3.2; 0.6; 2; 1; 10
'REA'; 'SOC'; 73.31804193; 66.12216607; 3.1; 1.0; 4; 1; 20
'REA'; 'SEV'; 74.40811033; 67.54926865; 3.1; 1.7; 2; 1; 20
'REA'; 'AMA'; 72.55571246; 71.42172964; 2.8; 2.3; 0; 4; 10
'REA'; 'COR'; 72.39157873; 65.25494834; 2.4; 1.0; 2; 0; 20
'REA'; 'ELC'; 73.16632891; 64.0965647; 2.4; 0.9; 2; 0; 10
'REA'; 'VIL'; 73.16632891; 64.06113409; 2.3; 1.5; 1; 1; 20
'REA'; 'BIL'; 73.2122885; 67.66143161; 2.0; 0.9; 0; 1; 10
'REA'; 'LEV'; 72.91255509999999; 64.18770427; 1.9; 1.1; 2; 0; 20
'REA'; 'BAR'; 74.88130764; 75.44102287; 1.8; 3.7; 1; 2; 10
'REA'; 'GRA'; 75.04770736; 63.1840257; 1.6; 0.7; 9; 1; 20
'REA'; 'RAY'; 74.69729413; 58.56900608; 2.3; 1.5; 2; 0; 10
'REA'; 'EIB'; 71.15975312; 62.04357653; 2.1; 0.4; 3; 0; 20
'REA'; 'MAL'; 75.09535723; 65.22281316; 2.2; 1.0; 3; 1; 20
'REA'; 'CEL'; 72.60713284; 65.26497846; 2.5; 1.6; 4; 2; 10
'REA'; 'ALM'; 70.90778974; 61.86342976; 2.7; 0.7; 3; 0; 20
'REA'; 'SEV'; 73.61435209; 67.10301877; 2.8; 2.1; 3; 2; 10
'REA'; 'VAL'; 74.28433991; 68.37357857; 3.0; 1.9; 2; 2; 20
'REA'; 'ESP'; 73.08855512; 65.05794295; 3.2; 1.2; 4; 1; 10
'REA'; 'GET'; 71.53770368; 65.45991366; 3.4; 0.6; 7; 3; 20
'REA'; 'SPG'; 74.16517691; 62.51125583; 4.0; 1.5; 0; 0; 10
'REA'; 'BET'; 74.47426782; 62.72409561; 3.1; 1.4; 5; 0; 20
'REA'; 'ESP'; 73.76502985; 62.18830421; 3.4; 1.3; 6; 0; 10
'REA'; 'GRA'; 71.82317852; 62.57281345; 3.7; 1.3; 1; 0; 20
'REA'; 'BIL'; 72.99839383; 67.3412458; 3.5; 1.4; 2; 1; 10
'REA'; 'MAL'; 71.59999811; 65.10520529; 3.3; 0.6; 0; 0; 20
'REA'; 'AMA'; 72.4367328; 70.70925144; 3.0; 1.1; 1; 1; 10
'REA'; 'LEV'; 71.69919981; 63.20585; 2.8; 0.8; 3; 0; 20
'REA'; 'CEL'; 72.42858819; 64.53632597; 2.9; 2.1; 3; 1; 10
'REA'; 'LAS'; 71.16318118; 63.15961683; 2.8; 0.666666667; 3; 1; 20
'REA'; 'SEV'; 72.73628105; 68.18252814; 2.4; 1.4; 2; 3; 10
'REA'; 'BAR'; 73.85790419; 73.94497120000001; 2.6; 2.4; 0; 4; 20
'REA'; 'EIB'; 72.49901418; 62.28267444; 2.1; 1.2; 2; 0; 10
'REA'; 'GET'; 72.08743523; 65.38841791; 1.7; 1.2; 4; 1; 20
'REA'; 'VIL'; 74.31755509999999; 67.13581273; 2.0; 0.8; 0; 1; 10
'REA'; 'RAY'; 74.35100859999999; 65.13225918; 1.8; 1.2; 10; 2; 20
'REA'; 'SOC'; 72.97442544; 65.80228131; 2.8; 1.2; 3; 1; 20
'REA'; 'VAL'; 73.73282679; 65.77729081; 3.0; 1.7; 2; 2; 10
'REA'; 'COR'; 74.41484699; 65.17371839; 2.9; 1.2; 5; 0; 20
'REA'; 'SPG'; 73.09991876; 62.56013162; 3.1; 0.6; 5; 1; 20
'REA'; 'BET'; 73.24364636; 62.83615316; 3.3; 0.3; 1; 1; 10
'REA'; 'ESP'; 73.20567219; 62.93201392; 3.2; 0.8; 6; 0; 20
'REA'; 'GRA'; 73.20567219; 63.19258499; 3.8; 1.1; 2; 1; 10
'REA'; 'BIL'; 72.66642255; 64.73133592; 3.8; 1.2; 4; 2; 20
'REA'; 'MAL'; 71.98947179; 65.2050851; 3.8; 1.4; 1; 1; 10
'REA'; 'AMA'; 72.97551346; 70.28708512; 3.9; 1.3; 0; 1; 20
'REA'; 'LEV'; 68.80790393; 63.9124731; 2.9; 1.2; 3; 1; 10
'REA'; 'CEL'; 71.62858543; 63.86247828; 2.9; 1.1; 7; 1; 20
'REA'; 'LAS'; 72.36510976; 62.65773267; 3.4; 1.2; 2; 1; 10
'REA'; 'SEV'; 71.71238162; 65.77929845; 3.1; 1.7; 4; 0; 20
'REA'; 'BAR'; 73.33863487; 75.77106616; 3.0; 3.4; 2; 1; 10
'REA'; 'EIB'; 70.75676017; 63.21901222; 3.1; 0.9; 4; 0; 20
'REA'; 'GET'; 73.08855512; 65.26240534; 2.9; 0.2; 5; 1; 10
'REA'; 'VIL'; 71.81222456; 67.19117716; 3.2; 1.3; 3; 0; 20
'REA'; 'RAY'; 72.71380765; 61.58481142; 3.1; 1.4; 3; 2; 10
'REA'; 'SOC'; 70.42059023; 64.83072298; 3.3; 0.7; 1; 0; 10
'REA'; 'VAL'; 71.58045813; 68.23340508; 3.4; 1.4; 3; 2; 20
'REA'; 'COR'; 73.33863487; 65.74671654; 3.4; 1.1; 2; 0; 10
