'VAL'; 'MAL'; 64.81714644; 66.41138504; 0.0; 0.0; 3; 0; 20
'VAL'; 'ESP'; 65.49560511; 59.55438182; 0.0; 0.0; 0; 1; 10
'VAL'; 'AMA'; 65.03095864; 69.95108534; 0.0; 4.0; 2; 1; 20
'VAL'; 'ALM'; 70.71404866; 65.13273818; 1.0; 3.0; 2; 2; 10
'VAL'; 'OSA'; 71.35665984; 65.38956719; 1.333333333; 1.0; 1; 0; 20
'VAL'; 'BIL'; 64.94558881; 67.89222291; 1.25; 0.5; 0; 2; 10
'VAL'; 'ALM'; 65.37611078; 64.49704874; 1.0; 2.0; 2; 0; 20
'VAL'; 'MAL'; 63.45186542; 64.99589809; 1.166666667; 0.5; 2; 0; 10
'VAL'; 'COR'; 70.90135681; 67.04700213; 1.285714286; 0.5; 4; 2; 20
'VAL'; 'MAL'; 65.77769352; 64.99589809; 1.625; 0.625; 1; 2; 10
'VAL'; 'VAL'; 65.86499967; 56.43687129; 1.5555555559999998; 1.5555555559999998; 0; 1; 20
'VAL'; 'VAL'; 56.43687129; 65.86499967; 1.5555555559999998; 1.5555555559999998; 1; 0; 10
'VAL'; 'NUM'; 71.06694122; 49.99113331; 1.4; 0.833333333; 4; 0; 20
'VAL'; 'HUE'; 65.86499967; 57.726105700000005; 1.8; 0.333333333; 1; 1; 20
'VAL'; 'HUE'; 63.77603213; 57.97604986; 1.7; 0.428571429; 1; 1; 10
'VAL'; 'GET'; 66.11685658; 60.83388729; 1.6; 1.142857143; 0; 1; 10
'VAL'; 'SAN'; 70.7225562; 66.67380908; 1.5; 0.625; 2; 4; 20
'VAL'; 'SEV'; 66.54882493; 69.39448651; 1.7; 1.625; 3; 2; 20
'VAL'; 'BAR'; 66.52458251; 75.89624806; 1.8; 3.111111111; 0; 6; 10
'VAL'; 'GET'; 71.08209274; 67.74348325; 1.6; 1.111111111; 3; 0; 10
'VAL'; 'SPG'; 70.79225316; 63.39237707; 1.5; 1.6; 2; 3; 20
'VAL'; 'REA'; 66.799776; 74.31758563; 1.6; 2.8; 1; 0; 20
'VAL'; 'VIL'; 66.799776; 69.8231309; 1.7; 2.0; 3; 0; 10
'VAL'; 'SEV'; 70.97603213; 68.95149639; 1.6; 1.7; 0; 0; 10
'VAL'; 'BET'; 70.50158991; 64.89635562; 1.5; 1.8; 3; 2; 20
'VAL'; 'MAL'; 66.799776; 66.34383408; 1.7; 1.8; 3; 0; 20
'VAL'; 'BAR'; 70.90788398; 75.13583377; 2.0; 3.3; 0; 4; 10
'VAL'; 'OSA'; 66.10714603; 67.57029353; 1.8; 0.6; 3; 3; 10
'VAL'; 'ESP'; 71.08209274; 59.64976059; 1.8; 0.8; 2; 1; 20
'VAL'; 'COR'; 66.56306102; 68.13015084; 2.0; 1.4; 3; 0; 20
'VAL'; 'REA'; 71.13091429; 73.16679173; 2.0; 1.7; 0; 1; 10
'VAL'; 'NUM'; 66.09293115; 61.6542084; 1.8; 1.2; 3; 4; 10
'VAL'; 'AMA'; 71.61255894; 70.18482524; 2.0; 2.6; 3; 1; 20
'VAL'; 'SAN'; 65.44502117; 67.13086275; 2.0; 1.4; 0; 1; 20
'VAL'; 'VIL'; 71.88104379; 70.78501905; 2.0; 1.8; 3; 3; 20
'VAL'; 'SPG'; 66.14839827; 63.20065735; 2.0; 1.4; 1; 2; 10
'VAL'; 'BIL'; 63.50020462; 66.09186439; 1.8; 1.8; 2; 3; 10
'VAL'; 'BET'; 66.25117291; 64.11197848; 2.0; 1.3; 1; 3; 20
'VAL'; 'MAL'; 71.21683634; 66.77828736; 1.8; 1.2; 1; 3; 10
'VAL'; 'ESP'; 66.56210409; 66.37251445; 1.7; 1.0; 1; 1; 20
'VAL'; 'AMA'; 66.25021597; 69.65314726; 1.5; 2.4; 2; 1; 10
'VAL'; 'ALM'; 71.69309507; 65.31166784; 1.7; 1.1; 3; 2; 20
'VAL'; 'BIL'; 66.18490351; 67.18876457; 1.7; 1.9; 2; 1; 20
'VAL'; 'OSA'; 64.8670087; 66.75232986; 1.6; 1.9; 0; 1; 10
'VAL'; 'MAL'; 71.22833434; 64.45977158; 1.6; 1.6; 1; 1; 20
'VAL'; 'ALM'; 65.55763078; 65.24372757; 1.4; 1.2; 2; 3; 10
'VAL'; 'COR'; 71.59797722; 66.45841571; 1.5; 1.3; 1; 1; 10
'VAL'; 'MAL'; 65.29226282; 64.45977158; 1.4; 1.3; 1; 3; 20
'VAL'; 'VAL'; 71.88074076; 65.46470149; 1.4; 1.4; 1; 2; 20
'VAL'; 'VAL'; 65.46470149; 71.88074076; 1.4; 1.4; 2; 1; 10
'VAL'; 'NUM'; 70.2783265; 55.83751131; 1.4; 0.9; 1; 2; 10
'VAL'; 'HUE'; 66.04064611; 63.86367714; 1.4; 1.3; 3; 2; 10
'VAL'; 'HUE'; 71.01871484; 63.84405161; 1.5; 1.4; 1; 1; 20
'VAL'; 'GET'; 65.01875632; 60.07575758; 1.3; 1.3; 1; 0; 20
'VAL'; 'SEV'; 65.93483136; 70.26740548; 1.2; 1.4; 1; 4; 10
'VAL'; 'SAN'; 69.94990153; 65.2512001; 1.3; 1.5; 1; 0; 10
'VAL'; 'BAR'; 65.21378692; 67.37937275; 1.3; 3.0; 0; 1; 20
'VAL'; 'GET'; 70.88459233; 59.89501683; 1.1; 1.4; 4; 1; 20
'VAL'; 'SPG'; 70.87432297; 56.93016784; 1.4; 1.0; 3; 2; 10
'VAL'; 'REA'; 66.1321524; 74.78933521; 1.6; 2.6; 0; 2; 10
'VAL'; 'SEV'; 72.28744109; 69.82460489; 1.5; 1.5; 3; 1; 20
'VAL'; 'VIL'; 66.1321524; 70.20393347; 1.7; 1.2; 0; 0; 20
'VAL'; 'BET'; 71.16220176; 59.05827884; 1.4; 1.9; 2; 1; 10
'VAL'; 'MAL'; 65.81319358; 66.50441545; 1.5; 1.6; 0; 2; 10
'VAL'; 'BAR'; 71.6550589; 76.38673285; 1.4; 2.4; 2; 2; 20
'VAL'; 'OSA'; 65.11285028; 66.99249878; 1.5; 1.4; 0; 0; 20
'VAL'; 'ESP'; 72.02804715; 67.99471009; 1.4; 1.4; 0; 3; 10
'VAL'; 'COR'; 65.93190654; 66.56713638; 1.4; 1.6; 0; 1; 10
'VAL'; 'REA'; 72.02804715; 74.46970684; 1.0; 2.4; 3; 0; 20
'VAL'; 'NUM'; 65.2759312; 49.00263542; 1.0; 1.1; 0; 0; 20
'VAL'; 'AMA'; 70.83628992; 70.16894812; 1.0; 2.0; 0; 1; 10
'VAL'; 'SAN'; 65.44937997; 65.59365688; 0.7; 1.8; 2; 3; 10
'VAL'; 'SPG'; 65.74305328; 56.17881837; 0.9; 1.1; 1; 2; 20
'VAL'; 'VIL'; 71.09893082; 69.45514132; 0.8; 1.4; 1; 3; 10
'VAL'; 'BIL'; 69.74910086; 69.22097194; 0.9; 1.0; 2; 0; 20
'VAL'; 'BET'; 65.66606329; 58.80909747; 0.9; 1.3; 1; 1; 10
'VAL'; 'SEV'; 70.12957469; 70.15607986; 1.0; 1.2; 2; 0; 20
'VAL'; 'ALM'; 64.82293247; 65.05265465; 1.2; 1.2; 0; 0; 10
'VAL'; 'VAL'; 65.02798297; 70.33382877; 1.2; 1.2; 2; 4; 20
'VAL'; 'VAL'; 70.33382877; 65.02798297; 1.2; 1.2; 4; 2; 10
'VAL'; 'ZAR'; 64.94686219; 67.36200553; 1.1; 1.0; 2; 1; 10
'VAL'; 'SPG'; 70.62865593; 64.43466302; 1.3; 1.0; 2; 2; 20
'VAL'; 'OSA'; 64.68221974; 60.27826177; 1.5; 0.8; 1; 2; 20
'VAL'; 'GET'; 71.70674816; 67.02512326; 1.4; 1.4; 1; 3; 10
'VAL'; 'AMA'; 70.33924003; 69.23307504; 1.4; 2.1; 2; 2; 20
'VAL'; 'MAL'; 58.58916036; 66.43603541; 1.5; 1.2; 0; 3; 10
'VAL'; 'BIL'; 65.54644752; 67.83497947; 1.3; 0.8; 2; 2; 20
'VAL'; 'SAN'; 69.23517008; 66.11705131; 1.4; 1.2; 1; 0; 10
'VAL'; 'REA'; 64.09686219; 74.62245975; 1.3; 2.1; 2; 4; 10
'VAL'; 'BAR'; 69.78038421; 76.40658196; 1.5; 2.2; 0; 0; 20
'VAL'; 'COR'; 64.99361924; 67.37815599; 1.3; 1.3; 4; 0; 20
'VAL'; 'ALM'; 70.30572161; 64.97004976; 1.5; 0.7; 3; 0; 10
'VAL'; 'ESP'; 64.99361924; 65.64690725; 1.6; 1.3; 1; 1; 10
'VAL'; 'MAL'; 70.30572161; 66.06719299; 1.6; 1.3; 1; 0; 10
'VAL'; 'XER'; 65.49731829999999; 63.05685219; 1.6; 0.333333333; 0; 0; 20
'VAL'; 'ZAR'; 71.10391362; 60.63577791; 1.4; 1.4444444440000002; 3; 1; 20
'VAL'; 'VIL'; 65.31390784; 69.86016409; 1.7; 1.4; 1; 3; 10
'VAL'; 'OSA'; 69.83532838; 66.98512687; 1.6; 1.1; 3; 1; 10
'VAL'; 'MAL'; 70.31113287; 67.2636555; 1.8; 1.4; 1; 1; 20
'VAL'; 'TEN'; 66.14845143; 61.64110644; 1.7; 0.8; 3; 3; 20
'VAL'; 'SEV'; 66.3181484; 69.39369377; 2.0; 1.9; 1; 1; 10
'VAL'; 'BIL'; 69.567126; 68.67706889; 1.7; 1.4; 2; 1; 10
'VAL'; 'REA'; 69.4379394; 75.01933762; 1.6; 2.0; 2; 3; 20
'VAL'; 'MAL'; 66.13526696; 63.72017839; 1.7; 1.7; 1; 1; 20
'VAL'; 'SPG'; 66.30652844; 65.12150772; 1.7; 1.0; 2; 1; 20
'VAL'; 'COR'; 70.1135972; 67.41054735; 1.9; 1.1; 0; 0; 10
'VAL'; 'ESP'; 70.23230603; 66.97971427; 1.6; 0.5; 1; 0; 20
'VAL'; 'GET'; 65.32854864; 67.25315617; 1.6; 1.8; 0; 1; 10
'VAL'; 'AMA'; 65.33550012; 69.24774681; 1.3; 1.4; 0; 4; 20
'VAL'; 'XER'; 71.00282995; 61.76818182; 1.2; 0.5; 3; 1; 10
'VAL'; 'SAN'; 64.52097606; 66.23074843; 1.2; 1.2; 1; 1; 10
'VAL'; 'VIL'; 71.03919359; 69.29731561; 1.2; 2.1; 4; 1; 20
'VAL'; 'BAR'; 64.58049856; 77.42199981; 1.4; 2.3; 0; 3; 20
'VAL'; 'TEN'; 70.66079408; 62.19021768; 1.2; 1.1; 0; 0; 10
'VAL'; 'SEV'; 70.47291529; 70.19536747; 1.1; 1.3; 1; 2; 10
'VAL'; 'ALM'; 65.45238215; 64.99899304; 1.0; 1.0; 1; 1; 20
'VAL'; 'VAL'; 70.31113287; 65.48086062; 1.1; 1.1; 2; 0; 20
'VAL'; 'VAL'; 65.48086062; 70.31113287; 1.1; 1.1; 0; 2; 10
'VAL'; 'SPG'; 70.44648640000001; 64.61980472; 1.2; 0.9; 1; 1; 10
'VAL'; 'ZAR'; 65.67703979999999; 66.96145744; 1.3; 1.0; 1; 1; 20
'VAL'; 'OSA'; 64.76726134; 67.37644343; 1.4; 0.8; 1; 1; 10
'VAL'; 'GET'; 70.74276216; 67.25044793; 1.2; 1.1; 2; 1; 20
'VAL'; 'MAL'; 65.51703177; 67.07432201; 1.3; 1.1; 1; 2; 20
'VAL'; 'AMA'; 71.54623809; 70.613854; 1.0; 1.4; 1; 4; 10
'VAL'; 'BIL'; 65.1466773; 68.99174574; 1.1; 1.3; 0; 2; 10
'VAL'; 'SAN'; 69.22580144; 65.28457188; 1.1; 0.7; 0; 0; 20
'VAL'; 'REA'; 64.27393877; 74.41060322; 1.0; 2.7; 1; 4; 20
'VAL'; 'BAR'; 69.68477093; 76.31538098; 1.0; 2.5; 0; 3; 10
'VAL'; 'COR'; 65.07812258; 65.64476659; 0.8; 1.1; 2; 0; 10
'VAL'; 'ALM'; 70.56718923; 65.05130184; 0.9; 1.4; 2; 0; 20
'VAL'; 'ESP'; 65.60741551; 66.14905350000001; 1.0; 0.9; 0; 0; 20
'VAL'; 'MAL'; 71.94242167; 55.90986346; 0.9; 1.6; 1; 0; 20
'VAL'; 'ZAR'; 69.60131070000001; 66.13064982; 0.8; 1.4; 0; 3; 10
'VAL'; 'XER'; 65.34896898; 51.26044657; 0.7; 1.4; 0; 3; 10
'VAL'; 'VIL'; 64.87395569; 70.14467449; 0.6; 1.2; 0; 2; 20
'VAL'; 'OSA'; 70.67184118; 66.69345729999999; 0.6; 0.8; 3; 0; 20
'VAL'; 'TEN'; 64.86311732; 55.44280236; 0.9; 1.2; 0; 0; 10
'VAL'; 'MAL'; 70.24876519; 66.6568685; 0.8; 0.9; 2; 3; 10
'VAL'; 'SEV'; 65.63340279; 69.45957581; 1.0; 1.3; 2; 1; 20
'VAL'; 'BIL'; 70.75662844; 67.62472181; 1.0; 1.8; 2; 0; 20
'VAL'; 'MAL'; 65.37307221; 58.80075564; 1.0; 0.9; 0; 0; 10
'VAL'; 'REA'; 70.57059206; 74.66040645; 1.0; 3.2; 0; 2; 10
'VAL'; 'COR'; 70.95378936; 64.48078251; 0.9; 0.7; 1; 0; 20
'VAL'; 'SPG'; 65.53435973; 64.7029216; 1.0; 0.8; 2; 0; 10
'VAL'; 'GET'; 65.11744133; 66.79941378; 1.2; 2.1; 0; 0; 20
'VAL'; 'ESP'; 71.11650983; 67.32471705; 1.2; 0.9; 2; 0; 10
'VAL'; 'XER'; 71.63913038; 57.34427184; 1.1; 1.5; 3; 1; 20
'VAL'; 'AMA'; 65.33412429; 63.47576647; 1.4; 1.5; 1; 3; 10
'VAL'; 'SAN'; 65.44451389999999; 65.44600561; 1.3; 1.5; 2; 1; 20
'VAL'; 'VIL'; 70.48664611; 70.46577007; 1.3; 1.5; 0; 2; 10
'VAL'; 'BAR'; 65.32801052; 75.66972245; 1.1; 2.6; 0; 4; 10
'VAL'; 'TEN'; 69.85931442; 55.13309566; 1.1; 1.4; 1; 0; 20
'VAL'; 'MAL'; 70.85489171; 64.47712872; 1.2; 1.3; 3; 1; 10
'VAL'; 'SAN'; 70.75927843; 66.24851201; 1.4; 1.2; 1; 0; 20
'VAL'; 'HER'; 70.43790002; 64.1531265; 1.3; 1.0; 2; 1; 10
'VAL'; 'AMA'; 70.42350473; 70.67275239; 1.5; 1.7; 1; 1; 20
'VAL'; 'SPG'; 69.82719332; 65.32793869; 1.4; 0.7; 2; 0; 10
'VAL'; 'BIL'; 69.83512983; 67.79860971; 1.3; 1.3; 2; 1; 20
'VAL'; 'BAR'; 69.32296108; 76.31948743; 1.4; 2.5; 1; 2; 10
'VAL'; 'MAL'; 69.43768907; 59.29629499999999; 1.3; 1.2; 1; 2; 20
'VAL'; 'ZAR'; 70.44506706; 65.26126789; 1.4; 1.1; 1; 1; 20
'VAL'; 'SEV'; 71.20748359999999; 68.81303696; 1.5; 1.7; 0; 2; 10
'VAL'; 'GET'; 71.03415625; 66.01115307; 1.4; 1.5; 2; 0; 20
'VAL'; 'VIL'; 68.51876855; 71.00593747; 1.3; 2.2; 1; 1; 10
'VAL'; 'ALM'; 69.85105841; 64.89205935; 1.3; 0.6; 2; 1; 20
'VAL'; 'REA'; 69.26075538; 74.68705077; 1.3; 3.0; 0; 2; 10
'VAL'; 'OSA'; 70.79146034; 66.5429518; 1.2; 0.9; 3; 3; 20
'VAL'; 'SOC'; 69.98316733; 66.60025471; 1.3; 1.6; 2; 1; 10
'VAL'; 'ESP'; 70.05799439; 66.85238898; 1.3; 1.3; 2; 1; 20
'VAL'; 'LEV'; 69.84340287; 57.02357349; 1.4; 1.2; 1; 0; 10
'VAL'; 'COR'; 69.58208081; 65.83165069; 1.4; 1.2; 2; 0; 20
'VAL'; 'MAL'; 69.42523929; 67.79960904; 1.5; 1.3; 4; 3; 20
'VAL'; 'SAN'; 68.75929309; 65.02076602; 1.9; 0.6; 1; 1; 10
'VAL'; 'HER'; 68.79998387; 56.55592186; 1.8; 1.1; 2; 0; 20
'VAL'; 'AMA'; 68.56419081; 70.16024377; 1.9; 1.1; 2; 1; 10
'VAL'; 'SPG'; 70.13370081; 65.30571753; 1.9; 1.2; 0; 0; 20
'VAL'; 'BIL'; 69.66694; 67.31944069; 1.9; 1.7; 2; 1; 10
'VAL'; 'BAR'; 69.63573515; 75.25733409; 1.8; 3.0; 0; 1; 20
'VAL'; 'MAL'; 69.79412228; 65.29433484; 1.6; 1.0; 2; 1; 10
'VAL'; 'ZAR'; 69.11327385; 65.26688181; 1.6; 0.8; 0; 4; 10
'VAL'; 'SEV'; 69.60047438; 69.88806095; 1.5; 1.7; 0; 1; 20
'VAL'; 'GET'; 69.32597367; 66.31289349; 1.3; 1.1; 4; 2; 10
'VAL'; 'VIL'; 70.15304767; 69.44369347; 1.3; 0.8; 5; 0; 20
'VAL'; 'ALM'; 69.92880779; 64.17338078; 1.7; 1.2; 3; 0; 10
'VAL'; 'REA'; 69.73282571; 72.55487174; 1.8; 2.1; 3; 6; 20
'VAL'; 'OSA'; 70.56378739; 66.12136169; 1.9; 1.6; 0; 1; 10
'VAL'; 'SOC'; 70.71406252; 66.68412813; 1.9; 1.0; 3; 0; 20
'VAL'; 'ESP'; 70.18428604; 66.04815841; 2.0; 0.8; 2; 2; 10
'VAL'; 'LEV'; 70.80336733; 65.9891777; 2.2; 1.3; 0; 0; 20
'VAL'; 'COR'; 69.80370416; 67.68323273; 2.0; 0.8; 2; 0; 10
'VAL'; 'SAN'; 68.78595659; 63.76572009; 2.2; 1.5; 4; 3; 20
'VAL'; 'AMA'; 70.08218935; 71.14706826; 2.6; 2.0; 1; 0; 20
'VAL'; 'SPG'; 69.62013478; 64.42409191; 2.3; 0.9; 1; 0; 10
'VAL'; 'BAR'; 70.08356020000001; 76.28977221; 1.9; 2.5; 2; 2; 20
'VAL'; 'SEV'; 69.49615398; 70.369899; 1.8; 1.9; 0; 1; 10
'VAL'; 'GRA'; 69.73253567; 64.94293623; 1.5; 0.4; 1; 0; 20
'VAL'; 'MAL'; 68.98818205; 65.48571443; 1.6; 1.3; 1; 1; 10
'VAL'; 'BIL'; 70.01360348; 69.26603646; 1.4; 1.4; 1; 1; 20
'VAL'; 'ZAR'; 68.86450404; 65.58127334; 1.3; 1.2; 1; 0; 10
'VAL'; 'GET'; 70.41560593; 66.82067909; 1.4; 0.9; 3; 1; 20
'VAL'; 'LEV'; 69.69302401; 66.29912214; 1.5; 1.7; 2; 0; 10
'VAL'; 'REA'; 70.44921745; 75.26931061; 1.3; 3.3; 2; 3; 20
'VAL'; 'RAY'; 69.76694441; 65.67926307; 1.4; 1.3; 2; 1; 10
'VAL'; 'ESP'; 69.42745217; 64.95941933; 1.5; 0.7; 2; 1; 20
'VAL'; 'BET'; 69.4540145; 65.27400342; 1.5; 0.4; 1; 2; 10
'VAL'; 'MAL'; 70.93081918; 70.63821201; 1.6; 1.5; 2; 0; 20
'VAL'; 'VIL'; 70.89516856; 70.19111977; 1.7; 0.6; 2; 2; 10
'VAL'; 'SOC'; 69.37364356; 66.33138419; 1.8; 0.9; 0; 1; 20
'VAL'; 'OSA'; 69.87516952; 65.50006084; 1.7; 1.2; 1; 1; 10
'VAL'; 'SAN'; 69.97578835; 65.92108258; 1.7; 0.9; 2; 2; 10
'VAL'; 'AMA'; 70.35100354; 72.16716436; 1.6; 1.9; 0; 0; 10
'VAL'; 'SPG'; 70.09032826; 65.28463725; 1.4; 1.0; 4; 0; 20
'VAL'; 'BAR'; 70.56321456; 76.0504152; 1.6; 2.5; 1; 5; 10
'VAL'; 'SEV'; 69.47449119; 71.09648517; 1.5; 1.1; 1; 2; 20
'VAL'; 'GRA'; 69.43884057; 64.04245704; 1.4; 1.4; 1; 0; 10
'VAL'; 'MAL'; 69.65721138; 64.25741641; 1.4; 1.9; 2; 2; 20
'VAL'; 'BIL'; 69.17026524; 68.77389156; 1.4; 1.9; 3; 0; 10
'VAL'; 'ZAR'; 69.48956999; 64.72627220000001; 1.5; 0.9; 1; 2; 20
'VAL'; 'GET'; 69.41221719; 67.03358739; 1.6; 1.0; 1; 3; 10
'VAL'; 'LEV'; 69.72015139; 66.35283864; 1.6; 1.6; 1; 1; 20
'VAL'; 'REA'; 69.72601329; 75.83812969; 1.5; 3.0; 0; 0; 10
'VAL'; 'RAY'; 69.39592015; 64.23314309999999; 1.5; 2.3; 4; 1; 20
'VAL'; 'ESP'; 69.3432395; 66.01883068; 1.5; 1.4; 0; 4; 10
'VAL'; 'BET'; 69.4955023; 66.19347679; 1.4; 1.3; 4; 0; 20
'VAL'; 'MAL'; 69.20818628; 70.48568641; 1.7; 1.4; 0; 1; 10
'VAL'; 'OSA'; 69.58451783; 65.58169418; 1.6; 1.0; 4; 0; 20
'VAL'; 'VIL'; 69.48495073; 68.22500255; 1.8; 1.2; 1; 0; 20
'VAL'; 'SOC'; 68.18613926; 66.872114; 1.6; 1.5; 0; 1; 10
'VAL'; 'REA'; 70.38894076; 75.89398777; 1.5; 3.1; 1; 1; 10
'VAL'; 'ZAR'; 65.19147419; 64.48985659; 1.5; 1.2; 1; 0; 10
'VAL'; 'COR'; 70.38894076; 66.25631579; 1.5; 1.0; 3; 3; 20
'VAL'; 'LEV'; 65.19147419; 66.64790542; 1.8; 1.4; 2; 0; 20
'VAL'; 'BIL'; 64.72447814; 67.59902215; 1.6; 0.8; 0; 2; 10
'VAL'; 'BAR'; 70.16483811; 76.40824543; 1.6; 3.5; 0; 1; 10
'VAL'; 'CEL'; 69.22703006; 64.55999084; 1.2; 1.0; 2; 1; 20
'VAL'; 'BET'; 65.19147419; 65.94627774; 1.4; 1.8; 0; 1; 20
'VAL'; 'AMA'; 64.52843771; 72.48154225; 1.0; 2.0; 1; 2; 10
'VAL'; 'MAL'; 69.28082996; 64.86413485; 1.0; 1.2; 0; 2; 10
'VAL'; 'ZAR'; 69.23180457; 65.31475328; 1.0; 1.2; 2; 0; 20
'VAL'; 'RAY'; 65.04969116; 65.22548479; 1.1; 1.0; 6; 1; 20
'VAL'; 'ESP'; 65.50699143; 65.29102461; 1.6; 0.9; 1; 1; 20
'VAL'; 'LEV'; 69.398197; 66.76864174; 1.4; 1.3; 0; 1; 10
'VAL'; 'MAL'; 65.04977466; 69.09045686; 1.2; 1.4; 1; 2; 10
'VAL'; 'BIL'; 68.87557778; 68.60298221; 1.3; 0.9; 3; 2; 20
'VAL'; 'BET'; 68.88237337; 65.47879444; 1.6; 1.5; 0; 1; 10
'VAL'; 'SOC'; 65.24214839999999; 67.24855595; 1.4; 0.9; 2; 2; 20
'VAL'; 'AMA'; 70.04178944; 71.75076258; 1.6; 2.3; 2; 0; 20
'VAL'; 'OSA'; 64.5621484; 64.78890695; 1.7; 1.2; 1; 0; 10
'VAL'; 'VAL'; 64.836729; 69.84201027; 1.8; 1.8; 1; 1; 20
'VAL'; 'VAL'; 69.84201027; 64.836729; 1.8; 1.8; 1; 1; 10
'VAL'; 'ESP'; 69.89960366; 65.11809325; 1.7; 1.1; 2; 1; 20
'VAL'; 'GET'; 64.9951787; 67.53086127; 1.3; 1.1; 1; 2; 10
'VAL'; 'MAL'; 69.67218867; 70.18451431; 1.3; 0.9; 0; 4; 10
'VAL'; 'GRA'; 64.9951787; 65.79444165; 1.3; 1.0; 1; 0; 20
'VAL'; 'SOC'; 69.51571779999999; 68.14916003; 1.3; 1.3; 2; 5; 20
'VAL'; 'SEV'; 65.24214839999999; 69.26069746; 1.2; 1.5; 2; 1; 10
'VAL'; 'OSA'; 70.09558294; 64.21924533; 1.4; 1.0; 1; 0; 10
'VAL'; 'REA'; 65.33078476; 74.78802706; 1.3; 2.9; 2; 3; 20
'VAL'; 'RAY'; 70.24969549; 65.50843298; 1.3; 1.2; 0; 1; 20
'VAL'; 'COR'; 65.17233506; 65.72963229; 1.2; 1.4; 0; 0; 10
'VAL'; 'GET'; 70.46518371; 66.96823577; 1.1; 1.2; 4; 2; 20
'VAL'; 'BAR'; 64.57911192; 75.74718424; 1.3; 3.7; 1; 3; 20
'VAL'; 'GRA'; 70.68847708; 65.54460098; 1.3; 0.7; 2; 1; 10
'VAL'; 'CEL'; 64.01511349; 64.32812263; 1.5; 0.7; 1; 3; 10
'VAL'; 'SEV'; 70.68847708; 70.13795541; 1.5; 1.2; 2; 0; 20
'VAL'; 'MAL'; 64.85262656; 66.09657328; 1.5; 1.3; 3; 1; 20
'VAL'; 'ZAR'; 64.69784355; 57.76500015; 1.6; 1.2; 2; 0; 20
'VAL'; 'REA'; 70.61124808; 74.99753942; 1.7; 2.4; 0; 5; 20
'VAL'; 'LEV'; 64.03117688; 66.90829728; 1.5; 1.2; 1; 2; 10
'VAL'; 'COR'; 70.54987679; 65.92451501; 1.6; 0.9; 3; 2; 10
'VAL'; 'BIL'; 63.94584472; 69.01096116; 1.9; 1.1; 2; 2; 20
'VAL'; 'BAR'; 69.12611908; 76.44375682; 1.7; 3.5; 1; 1; 20
'VAL'; 'CEL'; 69.29734088; 64.63645576; 1.7; 0.7; 1; 0; 10
'VAL'; 'BET'; 64.34087107; 66.01457986; 1.6; 1.2; 0; 0; 10
'VAL'; 'AMA'; 63.85035383; 72.48154225; 1.5; 1.5; 0; 3; 20
'VAL'; 'MAL'; 69.98509713; 66.25569839; 1.3; 1.2; 2; 0; 20
'VAL'; 'ZAR'; 69.61158557; 57.7390548; 1.2; 0.7; 2; 2; 10
'VAL'; 'RAY'; 63.943143799999994; 65.64864496; 1.2; 1.5; 2; 1; 10
'VAL'; 'LEV'; 70.05089529; 66.93555482; 1.4; 1.0; 2; 2; 20
'VAL'; 'ESP'; 63.943143799999994; 66.77047634; 1.5; 1.6; 0; 0; 10
'VAL'; 'MAL'; 63.943143799999994; 68.83379701; 1.2; 0.8; 1; 1; 20
'VAL'; 'BIL'; 69.09162135; 68.43441256; 1.1; 1.0; 0; 1; 10
'VAL'; 'SOC'; 63.86881113; 68.22037215; 1.0; 2.1; 1; 4; 10
'VAL'; 'BET'; 70.82728524; 67.2144067; 1.0; 1.3; 3; 0; 20
'VAL'; 'OSA'; 64.99087107; 64.78019889; 1.3; 0.9; 1; 3; 20
'VAL'; 'AMA'; 70.52332557; 71.2789631; 1.4; 1.2; 1; 1; 10
'VAL'; 'VAL'; 70.07607567; 64.54236485; 1.3; 1.3; 2; 1; 20
'VAL'; 'VAL'; 64.54236485; 70.07607567; 1.3; 1.3; 1; 2; 10
'VAL'; 'ESP'; 69.97990820000001; 66.18107697; 1.3; 1.4; 3; 3; 10
'VAL'; 'GET'; 64.48265409999999; 67.16234636; 1.4; 1.3; 2; 1; 20
'VAL'; 'MAL'; 70.11739895; 69.8059717; 1.4; 1.4; 5; 1; 20
'VAL'; 'GRA'; 65.31142369; 65.66960048; 1.9; 0.9; 1; 1; 10
'VAL'; 'SOC'; 70.08416854; 68.11757952; 1.9; 2.2; 2; 4; 10
'VAL'; 'SEV'; 64.91013810000001; 68.78716690000002; 2.1; 1.9; 1; 1; 20
'VAL'; 'OSA'; 69.97990820000001; 64.37690706; 2.1; 0.9; 4; 0; 20
'VAL'; 'REA'; 65.19147419; 74.04460689; 2.2; 2.7; 3; 4; 10
'VAL'; 'COR'; 64.91013810000001; 66.0294419; 2.4; 1.6; 1; 0; 20
'VAL'; 'RAY'; 70.10726418; 65.21083504; 2.4; 1.0; 4; 0; 10
'VAL'; 'GET'; 69.86298776; 66.98153377; 2.6; 0.7; 1; 0; 10
'VAL'; 'BAR'; 64.1628953; 75.09302755; 2.4; 2.5; 1; 2; 10
'VAL'; 'GRA'; 69.83163979999999; 65.87322594; 2.3; 1.0; 1; 0; 20
'VAL'; 'CEL'; 64.53177842; 64.10190347; 1.9; 0.9; 0; 2; 20
'VAL'; 'SEV'; 69.48330862; 68.458724; 1.8; 1.5; 3; 4; 10
'VAL'; 'MAL'; 64.55363175; 66.05597560000001; 1.9; 1.1; 2; 4; 10
'VAL'; 'BIL'; 64.37144391; 69.2588327; 2.0; 1.2; 1; 2; 20
'VAL'; 'MAL'; 68.59364642; 65.70838566; 1.7; 1.3; 1; 0; 20
'VAL'; 'ESP'; 70.00000673; 66.05024034; 1.5; 1.0; 1; 3; 10
'VAL'; 'VIL'; 63.12984206; 66.48169945; 1.5; 1.2; 1; 2; 10
'VAL'; 'GET'; 63.44533793; 67.21512229; 1.2; 0.7; 1; 0; 20
'VAL'; 'BAR'; 69.54702686; 76.50590558; 1.2; 2.8; 2; 3; 20
'VAL'; 'BET'; 69.24332175; 65.00461459; 1.3; 1.2; 1; 3; 10
'VAL'; 'ELC'; 63.44533793; 64.52885442; 1.3; 1.0; 0; 0; 10
'VAL'; 'AMA'; 62.49031497; 70.57179336; 1.3; 2.2; 0; 2; 20
'VAL'; 'SEV'; 70.03815241; 67.36950423; 1.0; 1.5; 3; 1; 20
'VAL'; 'LEV'; 62.77963676; 66.58228243; 1.1; 0.9; 1; 1; 10
'VAL'; 'GRA'; 70.13503027; 65.17945685; 1.1; 1.1; 1; 0; 10
'VAL'; 'MAL'; 62.84313943; 67.50367649; 1.1; 1.7; 2; 2; 20
'VAL'; 'RAY'; 69.11639009; 65.30271415; 1.2; 1.2; 1; 0; 20
'VAL'; 'BAR'; 63.37828558; 73.83126873; 1.2; 3.2; 1; 4; 10
'VAL'; 'BIL'; 69.65595345; 68.44944658; 1.2; 1.6; 1; 1; 10
'VAL'; 'SOC'; 70.11983469; 67.6874597; 1.1; 1.0; 1; 2; 20
'VAL'; 'SEV'; 63.37828558; 67.27408054; 1.1; 1.8; 2; 2; 20
'VAL'; 'RAY'; 63.51249533; 64.6247916; 1.3; 0.9; 3; 0; 10
'VAL'; 'VIL'; 68.63193901; 66.89971734; 1.6; 1.5; 1; 4; 10
'VAL'; 'SOC'; 63.11120975; 67.5600452; 1.4; 1.1; 2; 2; 20
'VAL'; 'ALM'; 70.04613609; 64.10444115; 1.5; 1.1; 1; 2; 20
'VAL'; 'ALM'; 63.918735; 64.16692688; 1.5; 1.1; 0; 1; 10
'VAL'; 'GET'; 69.04934081; 66.02941552; 1.3; 1.6; 1; 0; 10
'VAL'; 'VAL'; 68.74047677; 62.95404499; 1.3; 1.3; 2; 2; 20
'VAL'; 'VAL'; 62.95404499; 68.74047677; 1.3; 1.3; 2; 2; 10
'VAL'; 'OSA'; 62.83142846; 64.91175531; 1.4; 0.9; 0; 1; 20
'VAL'; 'ELC'; 69.10188497; 64.41425977; 1.3; 1.0; 1; 2; 10
'VAL'; 'REA'; 62.2933201; 74.49815853; 1.3; 3.2; 0; 4; 10
'VAL'; 'OSA'; 68.83401925; 64.91175531; 1.1; 0.9; 3; 0; 20
'VAL'; 'AMA'; 68.83401925; 72.52152542; 1.1; 2.4; 0; 3; 10
'VAL'; 'CEL'; 63.918735; 64.96032297; 1.0; 1.3; 3; 0; 20
'VAL'; 'ESP'; 64.05702296; 66.09170146; 1.1; 0.8; 2; 4; 10
'VAL'; 'REA'; 68.43052351; 74.33046929; 1.2; 3.2; 2; 3; 20
'VAL'; 'LEV'; 68.87954016; 65.79484417; 1.4; 1.1; 2; 0; 20
'VAL'; 'BET'; 63.63243039; 65.00160457; 1.5; 0.8; 0; 0; 20
'VAL'; 'GRA'; 63.55662744; 64.50093918; 1.3; 1.0; 0; 4; 10
'VAL'; 'CEL'; 69.53271618; 64.55183812; 1.3; 1.3; 1; 2; 10
'VAL'; 'MAL'; 70.04929959; 66.40576647; 1.3; 0.8; 0; 0; 10
'VAL'; 'BIL'; 63.90099843; 69.13977596; 1.3; 1.7; 2; 4; 10
'VAL'; 'ESP'; 69.97059042; 65.88723865; 1.2; 1.1; 2; 2; 20
'VAL'; 'VIL'; 63.29476806; 66.13901065; 1.4; 2.0; 1; 0; 20
'VAL'; 'GET'; 63.52258191; 65.94157614; 1.2; 0.6; 0; 0; 10
'VAL'; 'BAR'; 68.58906397; 76.64033297; 1.0; 2.4; 3; 2; 10
'VAL'; 'BET'; 68.93686011; 64.23946653; 1.1; 0.9; 5; 0; 20
'VAL'; 'ELC'; 63.52258191; 65.88022721; 1.4; 0.8; 2; 2; 20
'VAL'; 'AMA'; 63.59455161; 71.16287801; 1.6; 2.5; 0; 3; 10
'VAL'; 'SEV'; 68.81200769; 68.42673938; 1.6; 1.9; 0; 0; 10
'VAL'; 'LEV'; 62.57398883; 66.61813854; 1.5; 1.0; 1; 1; 20
'VAL'; 'GRA'; 68.39018898; 64.00448897; 1.6; 1.0; 2; 1; 20
'VAL'; 'MAL'; 63.10306845; 67.19363042; 1.6; 0.6; 1; 1; 10
'VAL'; 'RAY'; 67.75115415; 65.46455539; 1.5; 1.0; 0; 1; 10
'VAL'; 'BAR'; 63.33330854; 76.40166928; 1.4; 3.0; 1; 0; 20
'VAL'; 'BIL'; 69.43558176; 68.66910663; 1.5; 2.5; 1; 1; 20
'VAL'; 'SEV'; 62.49737569; 68.07662244; 1.3; 1.5; 1; 4; 10
'VAL'; 'SOC'; 69.05984823; 67.30111876; 0.9; 1.5; 0; 1; 10
'VAL'; 'RAY'; 63.49134068; 65.18046448; 0.7; 1.4; 1; 1; 20
'VAL'; 'VIL'; 68.97635513; 67.13840859999999; 0.8; 1.6; 2; 1; 20
'VAL'; 'SOC'; 64.10326602; 67.22027461; 1.0; 1.6; 0; 1; 10
'VAL'; 'ALM'; 68.68022519; 63.86740473; 0.9; 1.0; 2; 2; 10
'VAL'; 'GET'; 67.63470148; 65.06814556; 0.9; 0.4; 1; 3; 20
'VAL'; 'ALM'; 64.17776097; 63.55620578; 0.9; 1.2; 1; 0; 20
'VAL'; 'VAL'; 64.26383915; 68.26572303; 1.0; 1.0; 0; 0; 20
'VAL'; 'VAL'; 68.26572303; 64.26383915; 1.0; 1.0; 0; 0; 10
'VAL'; 'OSA'; 63.40718759; 64.50156437; 0.9; 0.9; 0; 0; 10
'VAL'; 'ELC'; 66.98163675; 65.02272128; 0.8; 0.6; 2; 1; 20
'VAL'; 'OSA'; 68.44537671; 64.50156437; 0.9; 0.7; 1; 1; 10
'VAL'; 'AMA'; 68.75794255; 72.11401898; 1.0; 1.5; 0; 1; 20
'VAL'; 'CEL'; 63.15538384; 64.41864776; 0.9; 0.9; 1; 4; 10
'VAL'; 'ESP'; 63.85909167; 65.98041852; 0.8; 1.0; 1; 0; 20
'VAL'; 'REA'; 69.64579427; 73.15697719; 0.9; 3.0; 2; 2; 10
'VAL'; 'REA'; 63.91579641; 74.46985304; 0.9; 2.9; 1; 1; 20
'VAL'; 'LEV'; 68.78310393; 66.95007291; 0.9; 0.7; 0; 2; 10
'VAL'; 'BET'; 62.98492929; 64.36020658; 0.8; 1.0; 3; 4; 10
'VAL'; 'CEL'; 69.11814919; 63.78408076; 1.1; 1.6; 2; 1; 20
'VAL'; 'GRA'; 64.10326602; 64.4692861; 1.3; 0.7; 0; 1; 20
'VAL'; 'SEV'; 68.19046207; 67.38797452; 1.1; 1.8; 1; 1; 10
'VAL'; 'MAL'; 68.23153312; 65.63670912; 1.1; 1.2; 3; 0; 20
'VAL'; 'ESP'; 68.19046207; 64.92490384; 1.4; 0.9; 3; 1; 20
'VAL'; 'GET'; 68.11175290000001; 66.08148176; 1.6; 0.8; 3; 0; 10
'VAL'; 'COR'; 68.09821625; 61.03858621; 1.8; 1.0; 3; 0; 20
'VAL'; 'SOC'; 67.9082651; 65.98913243; 1.9; 1.3; 1; 1; 10
'VAL'; 'AMA'; 68.31613601; 71.23149395; 1.9; 1.4; 3; 1; 20
'VAL'; 'COR'; 66.57427695; 64.52363502; 2.2; 0.8; 0; 3; 10
'VAL'; 'ELC'; 68.33250752; 63.86109884; 1.9; 0.8; 3; 1; 20
'VAL'; 'VIL'; 68.38518817; 66.60867997; 2.0; 1.5; 3; 1; 10
'VAL'; 'BIL'; 68.38518817; 66.25017466; 2.3; 0.7; 0; 0; 20
'VAL'; 'LEV'; 68.38002127; 66.17306832; 2.2; 0.7; 1; 2; 10
'VAL'; 'BAR'; 68.86646816; 75.57971327; 2.0; 2.6; 0; 1; 20
'VAL'; 'GRA'; 68.86646816; 64.57279891; 1.7; 0.4; 1; 1; 10
'VAL'; 'RAY'; 67.73713623; 64.81035661; 1.5; 1.0; 3; 0; 20
'VAL'; 'EIB'; 68.98092592; 62.65988047; 1.5; 1.4; 1; 0; 10
'VAL'; 'REA'; 69.19461868; 74.86994401; 1.5; 3.7; 2; 1; 20
'VAL'; 'CEL'; 69.13228102; 64.32915948; 1.4; 0.5; 1; 1; 10
'VAL'; 'ALM'; 67.86195431; 60.95073135; 1.5; 0.8; 3; 2; 20
'VAL'; 'SEV'; 68.21215149; 67.7891753; 1.5; 1.5; 3; 1; 20
'VAL'; 'MAL'; 68.21215149; 65.19223626; 1.5; 1.1; 0; 1; 10
'VAL'; 'ESP'; 68.13803307; 62.99351331; 1.5; 1.6; 2; 1; 10
'VAL'; 'GET'; 68.11554062; 65.05998581; 1.6; 0.9; 1; 0; 20
'VAL'; 'COR'; 67.40909325; 61.58983355; 1.7; 0.9; 2; 1; 10
'VAL'; 'SOC'; 68.88337279; 65.96935221; 1.8; 1.3; 2; 0; 20
'VAL'; 'AMA'; 69.2975532; 70.88164263; 1.7; 2.3; 1; 1; 10
'VAL'; 'COR'; 68.83973535; 65.45369774; 1.7; 0.8; 2; 0; 20
'VAL'; 'ELC'; 68.37357857; 64.19429268; 1.7; 0.8; 4; 0; 10
'VAL'; 'VIL'; 68.45228774; 65.60319466; 2.0; 1.3; 0; 0; 20
'VAL'; 'BIL'; 68.53568839; 66.41912092; 1.7; 1.2; 1; 1; 10
'VAL'; 'LEV'; 67.34078446; 65.04267777; 1.5; 1.5; 3; 0; 20
'VAL'; 'BAR'; 68.52407879; 75.53762572; 1.8; 3.0; 0; 2; 10
'VAL'; 'GRA'; 68.37357857; 64.06769809; 1.6; 0.7; 4; 0; 20
'VAL'; 'RAY'; 68.9817808; 58.37396355; 1.9; 1.4; 1; 1; 10
'VAL'; 'EIB'; 68.37357857; 63.52695195; 1.8; 0.4; 3; 1; 20
'VAL'; 'REA'; 68.37357857; 74.28433991; 1.9; 3.0; 2; 2; 10
'VAL'; 'CEL'; 68.45228774; 65.18127612; 2.0; 1.6; 1; 1; 20
'VAL'; 'ALM'; 68.80466362; 62.17744491; 1.9; 1.1; 3; 2; 10
'VAL'; 'RAY'; 65.18100595; 65.32085456; 1.8; 1.3; 0; 0; 10
'VAL'; 'COR'; 64.82934998; 65.77485322; 1.8; 0.7; 1; 1; 20
'VAL'; 'SPG'; 67.98330813; 62.85927006; 1.8; 1.3; 1; 0; 10
'VAL'; 'BET'; 67.48519604; 65.10386972; 1.6; 1.1; 0; 0; 20
'VAL'; 'ESP'; 66.32761817; 61.73877115; 1.6; 1.3; 0; 1; 10
'VAL'; 'GRA'; 66.85048166; 63.18970335; 1.2; 1.2; 1; 0; 20
'VAL'; 'BIL'; 65.92512962; 67.94730641; 1.2; 1.3; 1; 3; 10
'VAL'; 'MAL'; 65.85937584; 65.68334644; 1.0; 0.8; 3; 0; 20
'VAL'; 'AMA'; 66.17407682; 70.58976615; 1.1; 1.2; 1; 2; 10
'VAL'; 'LEV'; 66.61674664; 64.26507315; 1.1; 0.6; 3; 0; 20
'VAL'; 'CEL'; 65.31891845; 64.48978918; 1.1; 2.1; 5; 1; 10
'VAL'; 'LAS'; 67.0593335; 62.20892513; 1.6; 0.9; 1; 1; 20
'VAL'; 'SEV'; 67.02013459; 67.33561644; 1.6; 1.7; 0; 1; 10
'VAL'; 'BAR'; 65.75379218; 75.77106616; 1.5; 2.9; 1; 1; 20
'VAL'; 'EIB'; 65.56789687; 61.54610372; 1.6; 1.3; 1; 1; 10
'VAL'; 'GET'; 66.13392557; 66.19599367; 1.7; 1.3; 2; 2; 20
'VAL'; 'VIL'; 66.11022723; 65.83495498; 1.8; 0.9; 0; 1; 10
'VAL'; 'REA'; 65.77729081; 73.73282679; 1.7; 3.0; 2; 2; 20
'VAL'; 'SOC'; 66.26505619; 66.35009798; 1.6; 1.4; 0; 2; 10
'VAL'; 'RAY'; 65.47747895; 61.96366538; 1.5; 1.0; 2; 2; 20
'VAL'; 'COR'; 64.75108868; 65.41506038; 1.4; 1.2; 1; 1; 10
'VAL'; 'SPG'; 67.10634909; 55.01135657; 1.0; 1.1; 0; 1; 20
'VAL'; 'BET'; 66.08734844; 63.31745173; 0.9; 0.4; 0; 1; 10
'VAL'; 'ESP'; 68.65939152; 61.31872427; 0.9; 0.6; 2; 1; 20
'VAL'; 'GRA'; 67.79161002; 63.19258499; 1.0; 1.0; 2; 1; 10
'VAL'; 'BIL'; 66.77077724; 67.22683867; 1.1; 1.3; 0; 3; 20
'VAL'; 'MAL'; 67.56021858; 65.35705751; 0.9; 1.3; 2; 1; 10
'VAL'; 'AMA'; 67.86240891; 68.09563936; 1.1; 1.5; 1; 3; 20
'VAL'; 'LEV'; 68.24165948; 64.95763028; 1.0; 1.4; 0; 1; 10
'VAL'; 'CEL'; 66.04542273; 64.55302696; 1.0; 1.3; 0; 2; 20
'VAL'; 'LAS'; 67.67275101; 62.14615695; 0.8; 1.3; 1; 2; 10
'VAL'; 'SEV'; 68.39724158; 67.64707503; 0.8; 1.6; 2; 1; 20
'VAL'; 'BAR'; 68.00156537; 74.67154462; 1.0; 3.1; 2; 1; 10
'VAL'; 'EIB'; 68.12187926; 62.9569084; 1.2; 0.9; 4; 0; 20
'VAL'; 'GET'; 68.82832663; 63.94725382; 1.4; 0.5; 2; 2; 10
'VAL'; 'VIL'; 68.0852739; 64.50587252; 1.4; 1.2; 0; 2; 20
'VAL'; 'REA'; 68.23340508; 71.58045813; 1.4; 3.4; 2; 3; 10
'VAL'; 'SOC'; 65.79465662; 64.8463473; 1.4; 0.8; 0; 1; 20
