'ESP'; 'VAL'; 59.55438182; 65.49560511; 0.0; 0.0; 1; 0; 20
'ESP'; 'HUE'; 66.52968713; 64.46990735; 1.0; 1.0; 1; 0; 10
'ESP'; 'GET'; 66.36026564; 66.09188709; 1.0; 1.0; 1; 1; 20
'ESP'; 'SEV'; 65.71350881; 69.97473972; 1.0; 1.6666666669999999; 0; 2; 10
'ESP'; 'BAR'; 67.03753837; 76.89727287; 0.75; 2.5; 1; 2; 20
'ESP'; 'REA'; 66.97299292; 67.69556442; 0.8; 3.2; 2; 2; 10
'ESP'; 'VIL'; 66.97299292; 70.92936593; 1.0; 1.5; 0; 0; 20
'ESP'; 'MAL'; 67.2392339; 66.53801903; 0.857142857; 1.3; 0; 3; 10
'ESP'; 'OSA'; 67.35016463; 65.34682893; 0.75; 0.375; 1; 0; 20
'ESP'; 'COR'; 59.5117808; 67.98794304; 0.7777777779999999; 0.8888888890000001; 0; 1; 10
'ESP'; 'NUM'; 66.50636954; 55.88410476; 0.7; 1.0; 3; 4; 20
'ESP'; 'SAN'; 59.46255774; 67.80428933; 0.9; 1.0; 0; 3; 10
'ESP'; 'SPG'; 59.068995799999996; 57.11078807; 0.8; 1.6; 0; 1; 20
'ESP'; 'BET'; 66.01451528; 64.89635562; 0.7; 2.0; 1; 1; 10
'ESP'; 'VAL'; 59.64976059; 71.08209274; 0.8; 1.8; 1; 2; 10
'ESP'; 'AMA'; 66.62289191; 70.13767216; 0.8; 2.4; 2; 3; 20
'ESP'; 'BIL'; 66.42971009; 68.48543233; 0.8; 1.6; 1; 1; 10
'ESP'; 'ALM'; 66.42971009; 64.80070065; 0.9; 0.8; 2; 2; 20
'ESP'; 'MAL'; 59.31278368; 63.09485168; 1.1; 1.0; 0; 4; 10
'ESP'; 'VAL'; 66.37251445; 66.56210409; 1.0; 1.7; 1; 1; 10
'ESP'; 'HUE'; 66.12980502; 57.59946876; 1.1; 1.3; 1; 1; 20
'ESP'; 'GET'; 64.98859903; 66.72188599; 0.9; 2.1; 1; 1; 10
'ESP'; 'SEV'; 66.1191734; 68.40396442; 1.0; 1.1; 0; 2; 20
'ESP'; 'BAR'; 66.92198282; 75.85279736; 1.0; 3.0; 2; 1; 10
'ESP'; 'REA'; 67.33662928; 76.13513152; 1.1; 2.2; 0; 2; 20
'ESP'; 'VIL'; 67.24406074; 63.99962447; 1.0; 1.4; 0; 1; 10
'ESP'; 'MAL'; 67.64471009; 66.55099387; 0.8; 1.6; 3; 3; 20
'ESP'; 'OSA'; 67.41649941; 67.76873247; 1.0; 1.0; 0; 1; 10
'ESP'; 'COR'; 67.94722205; 67.93755824; 0.8; 1.4; 3; 1; 20
'ESP'; 'NUM'; 66.5936867; 55.44208855; 1.1; 0.9; 0; 0; 10
'ESP'; 'SAN'; 66.69117473; 60.46660817; 1.0; 1.5; 1; 0; 20
'ESP'; 'SPG'; 67.68107372; 56.82771221; 1.0; 1.0; 3; 0; 10
'ESP'; 'BET'; 67.68107372; 58.25831492; 1.2; 1.8; 2; 0; 20
'ESP'; 'VAL'; 67.99471009; 72.02804715; 1.4; 1.4; 3; 0; 20
'ESP'; 'AMA'; 68.04059753; 70.53425706; 1.5; 2.1; 2; 3; 10
'ESP'; 'BIL'; 67.82182245; 67.38997779; 1.7; 1.1; 1; 0; 20
'ESP'; 'ALM'; 66.26299736; 65.31166784; 1.8; 1.2; 3; 0; 10
'ESP'; 'MAL'; 67.49875049; 63.83350612; 1.8; 1.7; 3; 0; 20
'ESP'; 'BIL'; 67.17002911; 67.48333694; 2.1; 1.0; 0; 1; 10
'ESP'; 'REA'; 67.37836482; 74.05641814; 1.8; 1.9; 0; 3; 20
'ESP'; 'COR'; 67.0340586; 68.27373044; 1.8; 1.2; 3; 2; 10
'ESP'; 'MAL'; 66.370183; 65.35963352; 2.0; 1.6; 2; 1; 20
'ESP'; 'XER'; 67.35957456; 61.76050409; 1.9; 0.0; 0; 0; 20
'ESP'; 'VIL'; 67.23912002; 71.02196728; 1.7; 1.6; 0; 0; 10
'ESP'; 'TEN'; 66.40275638; 55.666284700000006; 1.4; 0.5; 2; 1; 20
'ESP'; 'SEV'; 67.48769496; 69.03626301; 1.4; 1.7; 0; 0; 10
'ESP'; 'VAL'; 65.64690725; 64.99361924; 1.3; 1.6; 1; 1; 20
'ESP'; 'SPG'; 66.11616386; 64.81980472; 1.1; 1.3; 0; 1; 10
'ESP'; 'GET'; 67.00133132; 66.79162157; 0.8; 1.2; 0; 2; 20
'ESP'; 'AMA'; 67.64571108; 70.39228953; 0.8; 1.3; 0; 4; 10
'ESP'; 'SAN'; 66.62821789; 66.91899936; 0.8; 0.8; 0; 4; 20
'ESP'; 'BAR'; 67.80583259999999; 76.84069129; 0.5; 2.1; 0; 1; 10
'ESP'; 'ALM'; 67.71889749; 65.47554426; 0.3; 1.2; 2; 0; 20
'ESP'; 'VAL'; 66.97971427; 70.23230603; 0.5; 1.6; 0; 1; 10
'ESP'; 'ZAR'; 66.77991436; 59.98526982; 0.5; 0.9; 2; 1; 20
'ESP'; 'OSA'; 65.55777309; 60.84504095; 0.5; 0.5; 0; 2; 10
'ESP'; 'MAL'; 66.40136170000001; 60.22118337; 0.5; 1.3; 1; 1; 20
'ESP'; 'BIL'; 67.00444612; 68.1326776; 0.5; 1.5; 1; 0; 20
'ESP'; 'REA'; 67.28774917; 74.83020868; 0.6; 2.1; 0; 3; 10
'ESP'; 'COR'; 67.45243981; 65.55643139; 0.6; 0.8; 2; 0; 20
'ESP'; 'MAL'; 67.45243981; 58.56931778; 0.8; 1.1; 1; 2; 10
'ESP'; 'XER'; 66.91879164; 62.37295982; 0.9; 0.9; 1; 1; 10
'ESP'; 'VIL'; 67.0608371; 69.8044314; 1.0; 1.4; 0; 0; 20
'ESP'; 'TEN'; 66.25820931; 54.62186572; 0.8; 0.6; 1; 4; 10
'ESP'; 'SEV'; 65.87199723; 70.08986719; 0.9; 1.2; 2; 0; 20
'ESP'; 'VAL'; 66.14905350000001; 65.60741551; 0.9; 1.0; 0; 0; 10
'ESP'; 'SPG'; 66.68117582; 64.58579798; 0.9; 1.1; 0; 0; 20
'ESP'; 'GET'; 66.73909265; 59.39430014; 0.8; 1.4; 1; 1; 10
'ESP'; 'AMA'; 66.73909265; 69.69517074; 0.8; 1.7; 3; 0; 20
'ESP'; 'SAN'; 66.75027704; 64.87944973; 1.1; 0.7; 1; 3; 10
'ESP'; 'BAR'; 67.79893233; 76.88195185; 1.0; 2.7; 0; 0; 20
'ESP'; 'ALM'; 67.52620506; 65.60316664; 0.9; 0.9; 1; 0; 10
'ESP'; 'VAL'; 67.32471705; 71.11650983; 0.9; 1.2; 0; 2; 20
'ESP'; 'ZAR'; 67.37217614; 66.20592533; 0.9; 1.0; 0; 1; 10
'ESP'; 'OSA'; 66.95328003; 59.26023414; 0.8; 1.1; 2; 1; 20
'ESP'; 'MAL'; 65.66667396; 67.23905741; 0.8; 1.2; 0; 2; 10
'ESP'; 'GET'; 65.75201105; 66.73142943; 0.8; 2.0; 3; 1; 20
'ESP'; 'VIL'; 67.33437606; 70.82817664; 1.1; 1.5; 0; 4; 10
'ESP'; 'ALM'; 66.28024383; 65.05888947; 1.0; 1.3; 1; 0; 20
'ESP'; 'REA'; 65.45316131; 76.31153992; 0.8; 2.2; 0; 3; 10
'ESP'; 'OSA'; 67.34419011; 66.58712203; 0.7; 1.0; 1; 0; 20
'ESP'; 'SOC'; 66.67776449; 66.60025471; 0.8; 1.0; 0; 1; 10
'ESP'; 'MAL'; 66.74433691; 58.52045796; 0.7; 1.7; 1; 0; 10
'ESP'; 'LEV'; 66.73553477; 64.38531895; 0.8; 1.0; 2; 1; 20
'ESP'; 'COR'; 66.84718701; 65.82132043; 1.0; 0.4; 0; 3; 10
'ESP'; 'MAL'; 67.23523901; 64.58194774; 0.8; 1.2; 1; 0; 20
'ESP'; 'SAN'; 66.75406362; 66.54728882; 0.9; 0.9; 0; 0; 10
'ESP'; 'HER'; 66.75406362; 57.12178932; 0.6; 1.1; 3; 0; 20
'ESP'; 'AMA'; 66.75406362; 71.99822532; 0.9; 1.4; 3; 2; 10
'ESP'; 'SPG'; 67.25826593; 64.31061239; 1.1; 0.7; 1; 0; 20
'ESP'; 'BIL'; 67.89574461; 69.48865327; 1.2; 1.4; 1; 2; 10
'ESP'; 'BAR'; 67.33356437; 77.33666681; 1.2; 3.7; 1; 5; 20
'ESP'; 'VAL'; 66.85238898; 70.05799439; 1.3; 1.3; 1; 2; 10
'ESP'; 'ZAR'; 67.20133296; 66.31026614; 1.3; 1.0; 4; 0; 20
'ESP'; 'SEV'; 67.33356437; 69.9659635; 1.5; 1.1; 2; 1; 10
'ESP'; 'GET'; 67.47642151; 66.89291379; 1.7; 1.4; 3; 1; 10
'ESP'; 'VIL'; 66.85320067; 70.14914562; 1.9; 1.9; 0; 1; 20
'ESP'; 'ALM'; 65.86087481; 65.15093492; 1.9; 1.2; 2; 3; 10
'ESP'; 'REA'; 66.14879502; 75.70126655; 1.8; 1.9; 0; 1; 20
'ESP'; 'OSA'; 66.07634116; 66.25918518; 1.5; 0.9; 0; 4; 10
'ESP'; 'SOC'; 66.05088738; 66.78828004; 1.4; 1.4; 4; 1; 20
'ESP'; 'MAL'; 66.78443716; 64.79952288; 1.7; 0.9; 1; 2; 20
'ESP'; 'LEV'; 66.47080079999999; 65.98349183; 1.7; 0.9; 0; 1; 10
'ESP'; 'COR'; 65.96739007; 64.28417158; 1.6; 0.8; 2; 0; 20
'ESP'; 'MAL'; 65.94134078; 67.19262668; 1.4; 1.0; 0; 2; 10
'ESP'; 'SAN'; 65.64230152; 67.32528909999999; 1.2; 1.3; 1; 2; 20
'ESP'; 'HER'; 66.04815841; 63.79317534; 1.0; 0.6; 0; 0; 10
'ESP'; 'AMA'; 66.04815841; 72.26326369; 1.0; 1.7; 2; 2; 20
'ESP'; 'SPG'; 66.04815841; 65.33457867; 1.0; 0.8; 0; 1; 10
'ESP'; 'BIL'; 66.06228463; 68.85885032; 1.0; 1.4; 2; 1; 20
'ESP'; 'BAR'; 65.72077745; 76.04760452; 1.2; 1.6; 0; 2; 10
'ESP'; 'VAL'; 66.04815841; 70.18428604; 0.8; 2.0; 2; 2; 20
'ESP'; 'ZAR'; 66.04815841; 66.20271599; 0.9; 1.3; 0; 1; 10
'ESP'; 'SEV'; 65.07151639; 68.05160015; 0.9; 1.8; 2; 3; 20
'ESP'; 'MAL'; 65.65608151; 64.75590238; 0.9; 1.4; 0; 1; 10
'ESP'; 'BIL'; 66.31340075; 68.65265418; 0.9; 1.6; 2; 1; 20
'ESP'; 'ZAR'; 66.16837186; 66.07847236; 1.0; 1.1; 1; 2; 10
'ESP'; 'GET'; 65.19199566; 66.58264152; 1.1; 1.0; 1; 0; 20
'ESP'; 'LEV'; 65.7063078; 65.93898228; 1.0; 0.9; 1; 3; 10
'ESP'; 'REA'; 66.06153426; 75.85290523; 1.1; 3.9; 0; 4; 20
'ESP'; 'RAY'; 66.28520957; 64.90930856; 0.9; 1.0; 1; 0; 10
'ESP'; 'SAN'; 66.2188508; 65.50105341; 1.0; 0.8; 1; 0; 10
'ESP'; 'BET'; 66.2188508; 65.85709785; 0.9; 1.2; 1; 0; 20
'ESP'; 'MAL'; 66.07424301; 71.24431591; 1.0; 1.0; 1; 2; 10
'ESP'; 'VIL'; 66.6381739; 67.4802132; 0.9; 0.9; 0; 0; 20
'ESP'; 'SOC'; 66.22031411; 66.81828599; 0.9; 0.7; 0; 0; 10
'ESP'; 'OSA'; 65.28109765; 65.46687161; 0.7; 1.2; 1; 2; 20
'ESP'; 'VAL'; 64.95941933; 69.42745217; 0.7; 1.5; 1; 2; 10
'ESP'; 'AMA'; 65.08166281; 71.90258706; 0.7; 1.3; 4; 2; 20
'ESP'; 'SPG'; 65.79179818; 64.59697161; 1.0; 1.3; 2; 1; 10
'ESP'; 'BAR'; 66.36381707; 77.18028153; 1.2; 2.7; 1; 1; 20
'ESP'; 'SEV'; 64.59842675; 69.52414346; 1.2; 1.1; 0; 0; 10
'ESP'; 'GRA'; 66.01217668; 64.69485628; 1.1; 1.0; 3; 0; 20
'ESP'; 'MAL'; 66.01217668; 64.72914956; 1.3; 0.7; 1; 0; 20
'ESP'; 'BIL'; 66.98442393; 68.48252181; 1.3; 1.5; 3; 3; 10
'ESP'; 'ZAR'; 66.98442393; 65.18121334; 1.6; 0.4; 0; 2; 20
'ESP'; 'GET'; 66.06819811; 67.31238254; 1.6; 0.9; 1; 1; 10
'ESP'; 'LEV'; 66.22465429; 66.29278105; 1.6; 0.9; 1; 2; 20
'ESP'; 'REA'; 66.98442393; 75.89495801; 1.6; 3.1; 0; 5; 10
'ESP'; 'RAY'; 66.36926696; 64.96489029; 1.2; 2.0; 5; 1; 20
'ESP'; 'SAN'; 66.29665775; 64.06076259; 1.5; 1.0; 3; 1; 20
'ESP'; 'BET'; 66.0607215; 65.93766912; 1.7; 1.2; 1; 1; 10
'ESP'; 'MAL'; 66.06129134; 69.54289711; 1.8; 1.7; 1; 2; 20
'ESP'; 'VIL'; 66.09903118; 68.80525173; 1.6; 1.2; 0; 0; 10
'ESP'; 'SOC'; 67.13249079; 66.38043864; 1.5; 1.4; 2; 2; 20
'ESP'; 'OSA'; 66.50149836; 65.33112251; 1.4; 1.2; 0; 2; 10
'ESP'; 'VAL'; 66.01883068; 69.3432395; 1.4; 1.5; 4; 0; 20
'ESP'; 'AMA'; 66.98247732; 71.87749993; 1.7; 1.2; 1; 3; 10
'ESP'; 'SPG'; 66.29252064; 65.11516769; 1.7; 1.3; 0; 3; 20
'ESP'; 'GRA'; 66.1055299; 65.07934086; 1.7; 1.0; 1; 2; 10
'ESP'; 'BAR'; 66.16000174; 73.18482102; 1.3; 3.3; 0; 4; 10
'ESP'; 'SEV'; 66.57396278; 68.66023211; 1.0; 2.0; 1; 1; 20
'ESP'; 'MAL'; 65.5529889; 64.57902901; 1.0; 1.2; 1; 2; 10
'ESP'; 'ZAR'; 65.35439872; 57.56359535; 1.0; 1.1; 1; 2; 20
'ESP'; 'LEV'; 64.9967917; 66.00067673; 1.1; 1.3; 2; 3; 10
'ESP'; 'BIL'; 65.57298425; 67.80437929; 1.1; 0.9; 3; 3; 20
'ESP'; 'BET'; 66.18212157; 65.64854326; 1.4; 1.6; 0; 1; 10
'ESP'; 'AMA'; 65.46868204; 71.8881994; 1.0; 2.4; 0; 1; 20
'ESP'; 'VAL'; 65.29102461; 65.50699143; 0.9; 1.6; 1; 1; 10
'ESP'; 'RAY'; 66.16565003; 65.10636445; 1.0; 1.2; 3; 2; 20
'ESP'; 'MAL'; 65.11809325; 68.76019307; 1.2; 1.6; 0; 0; 20
'ESP'; 'SOC'; 65.57729567; 66.3182798; 1.2; 1.1; 1; 0; 10
'ESP'; 'OSA'; 65.61890133; 64.66406074; 1.2; 0.8; 0; 3; 20
'ESP'; 'VAL'; 65.11809325; 69.89960366; 1.1; 1.7; 1; 2; 10
'ESP'; 'GET'; 64.0506899; 67.29093646; 1.1; 1.1; 0; 2; 20
'ESP'; 'GRA'; 66.05703625; 65.52973576; 0.9; 1.0; 0; 0; 10
'ESP'; 'SEV'; 65.27104150000001; 70.00498736; 0.6; 1.5; 2; 2; 20
'ESP'; 'REA'; 66.30059971; 75.94790369; 0.8; 3.0; 2; 2; 10
'ESP'; 'COR'; 67.03896551; 65.21539772; 1.0; 1.3; 2; 0; 20
'ESP'; 'BAR'; 67.37454992; 76.62638309; 1.1; 3.8; 0; 4; 10
'ESP'; 'CEL'; 67.01937878; 64.77098941; 0.8; 1.0; 1; 0; 20
'ESP'; 'MAL'; 67.16847734; 65.06574283; 0.9; 1.4; 3; 2; 20
'ESP'; 'ZAR'; 66.58552771; 65.22750719; 1.1; 1.2; 0; 0; 10
'ESP'; 'LEV'; 67.0462713; 66.24293324; 1.1; 1.3; 3; 2; 20
'ESP'; 'BIL'; 67.18274173; 69.04883995; 1.3; 1.2; 4; 0; 10
'ESP'; 'BET'; 66.83998679; 66.01457986; 1.7; 1.1; 1; 0; 20
'ESP'; 'AMA'; 67.18274173; 72.48154225; 1.8; 1.8; 0; 1; 10
'ESP'; 'VAL'; 66.77047634; 63.943143799999994; 1.6; 1.5; 0; 0; 20
'ESP'; 'RAY'; 66.20340289; 65.86661148; 1.4; 1.5; 0; 2; 10
'ESP'; 'MAL'; 66.18107697; 69.13647247; 1.2; 1.0; 2; 0; 10
'ESP'; 'SOC'; 66.44437593; 66.58476609; 1.4; 2.2; 2; 2; 20
'ESP'; 'OSA'; 66.66574547; 64.57773136; 1.5; 1.2; 2; 0; 10
'ESP'; 'VAL'; 66.18107697; 69.97990820000001; 1.4; 1.3; 3; 3; 20
'ESP'; 'GET'; 66.24504123; 66.88456858; 1.7; 1.4; 2; 0; 10
'ESP'; 'GRA'; 66.16001807; 66.28542758; 1.6; 0.9; 0; 1; 20
'ESP'; 'SEV'; 66.32524173; 68.77527516; 1.2; 1.9; 0; 3; 10
'ESP'; 'REA'; 66.32524173; 72.36318887; 1.1; 3.3; 1; 1; 20
'ESP'; 'COR'; 64.95326224; 66.37359775; 1.2; 1.5; 0; 2; 10
'ESP'; 'BAR'; 65.81047889; 75.2705674; 1.2; 2.6; 0; 2; 20
'ESP'; 'CEL'; 66.74817939; 63.44689181; 1.2; 1.0; 0; 1; 10
'ESP'; 'CEL'; 66.05024034; 64.31617969; 1.0; 1.0; 2; 2; 10
'ESP'; 'VAL'; 66.05024034; 70.00000673; 1.0; 1.5; 3; 1; 20
'ESP'; 'BET'; 66.05024034; 65.46342141; 1.1; 1.5; 0; 0; 20
'ESP'; 'GRA'; 64.86472356; 64.24361682; 0.8; 1.3; 1; 0; 10
'ESP'; 'BIL'; 66.05024034; 69.07016014; 0.7; 1.7; 3; 2; 20
'ESP'; 'VIL'; 63.75164099; 66.23232918; 1.0; 1.5; 1; 2; 10
'ESP'; 'GET'; 66.85110614; 66.06095225; 1.1; 0.8; 0; 2; 20
'ESP'; 'ELC'; 64.94946235; 63.50832948; 1.0; 0.857142857; 1; 2; 10
'ESP'; 'AMA'; 65.48424482; 71.24190356; 1.1; 2.4; 1; 0; 20
'ESP'; 'LEV'; 65.83956213; 65.70770616; 1.2; 1.0; 0; 3; 10
'ESP'; 'MAL'; 66.10293427; 67.03969817; 1.2; 1.1; 0; 0; 20
'ESP'; 'BAR'; 64.5600254; 76.42383435; 1.0; 2.6; 0; 1; 10
'ESP'; 'SEV'; 64.79870667; 67.34921513; 0.7; 1.9; 1; 3; 20
'ESP'; 'RAY'; 64.46241163; 65.56518406; 0.8; 0.8; 4; 1; 10
'ESP'; 'SOC'; 64.36101302; 67.78931155; 1.1; 1.9; 1; 2; 20
'ESP'; 'ALM'; 65.4993594; 63.72431898; 0.9; 0.6; 0; 0; 10
'ESP'; 'VAL'; 66.09170146; 64.05702296; 0.8; 1.1; 4; 2; 20
'ESP'; 'OSA'; 66.62198875; 64.71902804; 1.2; 0.9; 0; 1; 10
'ESP'; 'REA'; 64.9983203; 75.55997672; 1.1; 3.5; 0; 1; 20
'ESP'; 'CEL'; 65.44501643; 65.05642579; 1.0; 1.5; 1; 0; 20
'ESP'; 'VAL'; 65.88723865; 69.97059042; 1.1; 1.2; 2; 2; 10
'ESP'; 'BET'; 66.07481026; 64.26261372; 1.3; 0.9; 0; 2; 10
'ESP'; 'GRA'; 66.15420146; 64.70915886; 1.3; 1.2; 1; 0; 20
'ESP'; 'BIL'; 65.38402469; 68.83349833; 1.3; 2.2; 2; 1; 10
'ESP'; 'VIL'; 65.38402469; 66.66714123; 1.1; 2.0; 1; 2; 20
'ESP'; 'GET'; 65.98428256; 67.09322146; 1.1; 0.5; 0; 0; 10
'ESP'; 'ELC'; 66.05024034; 65.15157399; 1.1; 0.7; 3; 1; 20
'ESP'; 'AMA'; 66.05024034; 71.86082753; 1.0; 1.7; 0; 1; 10
'ESP'; 'LEV'; 66.05024034; 66.001798; 1.0; 0.9; 0; 0; 20
'ESP'; 'MAL'; 65.53337526; 65.94374579; 1.0; 0.9; 2; 1; 10
'ESP'; 'BAR'; 66.45777724; 75.55257225; 1.1; 3.4; 0; 1; 20
'ESP'; 'SEV'; 64.09632603; 67.86573725; 0.9; 1.6; 1; 4; 10
'ESP'; 'RAY'; 65.84142284; 64.90911017; 1.0; 1.6; 2; 2; 20
'ESP'; 'SOC'; 65.08442139; 66.81702366; 1.1; 1.4; 1; 2; 10
'ESP'; 'ALM'; 66.15420146; 62.39892048; 1.0; 1.2; 1; 2; 20
'ESP'; 'VAL'; 65.98041852; 63.85909167; 1.0; 0.8; 0; 1; 10
'ESP'; 'OSA'; 65.78556315; 64.15298028; 1.0; 0.5; 1; 1; 20
'ESP'; 'REA'; 65.38402469; 73.23171447; 0.8; 2.5; 1; 3; 10
'ESP'; 'ALM'; 65.11136528; 62.08222473; 0.9; 1.6; 1; 1; 10
'ESP'; 'SEV'; 65.05403165; 66.89778313; 1.0; 1.7; 1; 2; 20
'ESP'; 'VAL'; 64.92490384; 68.19046207; 0.9; 1.4; 1; 3; 10
'ESP'; 'MAL'; 65.25206309; 65.49664178; 1.0; 0.9; 2; 2; 20
'ESP'; 'GET'; 65.32962442; 64.46843287; 1.1; 0.8; 2; 0; 20
'ESP'; 'COR'; 64.85958751; 61.10878829999999; 1.1; 1.0; 0; 0; 10
'ESP'; 'SOC'; 64.43099527; 66.2386405; 1.0; 1.2; 2; 0; 20
'ESP'; 'AMA'; 64.77177318; 71.25421629; 1.1; 1.4; 0; 2; 10
'ESP'; 'COR'; 64.69222126; 64.52363502; 1.1; 0.9; 0; 0; 20
'ESP'; 'ELC'; 64.7217826; 63.93565435; 1.0; 0.9; 1; 2; 10
'ESP'; 'VIL'; 64.39627836; 67.75524715; 1.0; 1.4; 1; 1; 20
'ESP'; 'BIL'; 64.46828881; 67.26965759999999; 1.0; 0.7; 1; 3; 10
'ESP'; 'LEV'; 64.8652206; 66.04604047; 1.0; 0.9; 2; 1; 20
'ESP'; 'BAR'; 64.57662031; 75.70891740000002; 1.1; 2.5; 1; 5; 10
'ESP'; 'GRA'; 65.11999524; 64.98405432; 1.0; 0.4; 2; 1; 20
'ESP'; 'RAY'; 64.8165193; 57.33159604; 1.0; 0.8; 3; 1; 10
'ESP'; 'EIB'; 65.07114204; 63.27114058; 1.3; 1.4; 1; 2; 20
'ESP'; 'REA'; 64.27141545; 74.29668441; 1.2; 3.6; 0; 3; 10
'ESP'; 'CEL'; 64.4400191; 64.87126310000001; 1.2; 0.5; 1; 0; 20
'ESP'; 'ALM'; 64.9946852; 60.83867601; 1.3; 1.0; 3; 0; 20
'ESP'; 'SEV'; 64.98786719; 66.97803194; 1.5; 1.4; 2; 3; 10
'ESP'; 'VAL'; 62.99351331; 68.13803307; 1.6; 1.5; 1; 2; 20
'ESP'; 'MAL'; 64.05540725; 65.2361368; 1.6; 1.0; 2; 0; 10
'ESP'; 'GET'; 63.86413242; 65.46617933; 1.6; 0.8; 1; 2; 10
'ESP'; 'COR'; 64.84755601; 61.78622973; 1.6; 0.9; 1; 0; 20
'ESP'; 'SOC'; 63.8648741; 66.67856071; 1.5; 1.2; 0; 1; 10
'ESP'; 'AMA'; 63.64481638; 71.55465101; 1.2; 2.0; 0; 0; 20
'ESP'; 'COR'; 63.96576876; 65.46657653; 1.1; 0.6; 0; 0; 10
'ESP'; 'ELC'; 64.51211221; 64.13508803; 1.1; 0.6; 1; 1; 20
'ESP'; 'VIL'; 63.64010137; 67.21824219; 1.1; 1.1; 3; 0; 10
'ESP'; 'BIL'; 63.58603004; 67.43440257; 1.1; 1.2; 1; 0; 20
'ESP'; 'LEV'; 63.64010137; 64.23558244; 1.0; 1.5; 2; 2; 10
'ESP'; 'BAR'; 63.58603004; 75.21929535; 1.1; 2.7; 0; 2; 20
'ESP'; 'GRA'; 64.28741663; 64.11762145; 0.9; 0.7; 2; 1; 10
'ESP'; 'RAY'; 64.17506093; 58.73582896; 1.0; 1.5; 1; 1; 20
'ESP'; 'EIB'; 64.42021408; 62.76504719; 1.0; 0.5; 2; 0; 10
'ESP'; 'REA'; 65.05794295; 73.08855512; 1.2; 3.2; 1; 4; 20
'ESP'; 'CEL'; 63.87801901; 65.26497846; 1.3; 1.6; 2; 3; 10
'ESP'; 'GET'; 55.75063338; 65.87025658; 1.5; 0.9; 1; 0; 20
'ESP'; 'VIL'; 55.84695373; 64.53411531; 1.5; 0.6; 1; 3; 10
'ESP'; 'REA'; 62.18830421; 73.76502985; 1.3; 3.4; 0; 6; 20
'ESP'; 'SOC'; 61.80801244; 66.75044783; 1.2; 0.8; 3; 2; 10
'ESP'; 'VAL'; 61.73877115; 66.32761817; 1.3; 1.6; 1; 0; 20
'ESP'; 'COR'; 61.46017694; 65.98672795; 1.4; 1.3; 0; 3; 10
'ESP'; 'SPG'; 61.73877115; 62.7683815; 1.2; 1.2; 1; 2; 20
'ESP'; 'BET'; 62.3842257; 64.1947725; 1.2; 1.4; 3; 1; 10
'ESP'; 'RAY'; 62.3842257; 65.22308596; 1.3; 1.2; 0; 3; 10
'ESP'; 'GRA'; 61.30925211; 62.52061068; 1.2; 0.9; 1; 1; 20
'ESP'; 'BIL'; 63.32600742; 66.56425525; 1.1; 1.6; 1; 2; 10
'ESP'; 'MAL'; 62.685661100000004; 66.17704709; 1.1; 0.5; 2; 0; 20
'ESP'; 'AMA'; 62.41508259; 69.73031024; 1.2; 1.3; 0; 1; 10
'ESP'; 'LEV'; 62.685661100000004; 63.63409152; 1.2; 0.8; 1; 1; 20
'ESP'; 'CEL'; 56.29888749; 64.64342751; 1.0; 1.5; 0; 1; 10
'ESP'; 'LAS'; 62.16487233; 61.60561762; 0.9; 0.7; 1; 0; 20
'ESP'; 'SEV'; 62.50197177; 67.54060691; 1.0; 1.6; 0; 2; 10
'ESP'; 'BAR'; 61.77784404; 75.77106616; 0.9; 2.9; 0; 0; 20
'ESP'; 'EIB'; 55.43835226; 63.22831502; 0.6; 1.4; 1; 2; 10
'ESP'; 'GET'; 62.21600535; 65.61066768; 0.7; 1.1; 1; 3; 10
'ESP'; 'VIL'; 60.77978254; 65.62774167; 0.7; 1.1; 2; 2; 20
'ESP'; 'REA'; 62.93201392; 73.20567219; 0.8; 3.2; 0; 6; 10
'ESP'; 'SOC'; 62.95021246; 64.66725091; 0.6; 1.2; 0; 5; 20
'ESP'; 'VAL'; 61.31872427; 68.65939152; 0.6; 0.9; 1; 2; 10
'ESP'; 'COR'; 62.361424; 64.9205366; 0.6; 1.2; 1; 0; 20
'ESP'; 'SPG'; 62.361424; 55.6985652; 0.7; 1.3; 4; 2; 10
'ESP'; 'BET'; 63.36459328; 61.7111086; 1.0; 0.8; 0; 3; 20
'ESP'; 'RAY'; 61.87891274; 61.94340401; 1.0; 1.9; 2; 1; 20
'ESP'; 'GRA'; 61.24434229; 63.02184556; 1.2; 0.9; 1; 1; 10
'ESP'; 'BIL'; 62.21128444; 65.15840468; 1.2; 2.0; 2; 1; 20
'ESP'; 'MAL'; 62.27467031; 66.09672341; 1.3; 1.4; 1; 1; 10
'ESP'; 'AMA'; 62.22204999; 69.65328428; 1.2; 2.1; 1; 3; 20
'ESP'; 'LEV'; 62.80936601; 65.8658929; 1.3; 0.7; 1; 2; 10
'ESP'; 'CEL'; 62.22164001; 64.04835023; 1.4; 1.2; 1; 1; 20
'ESP'; 'LAS'; 63.09877478; 61.65858729; 1.4; 1.5; 0; 4; 10
'ESP'; 'SEV'; 62.17474765; 61.72119835; 1.3; 1.3; 1; 0; 20
'ESP'; 'BAR'; 62.08890786; 75.70407011; 1.0; 3.5; 0; 5; 10
'ESP'; 'EIB'; 62.41204999; 62.423590100000006; 1.0; 0.7; 4; 2; 20
