'MAL'; 'VAL'; 66.41138504; 64.81714644; 0.0; 0.0; 0; 3; 10
'MAL'; 'AMA'; 58.30653384; 71.12435374; 0.0; 0.0; 0; 4; 10
'MAL'; 'BIL'; 64.57165108; 69.45102522; 0.0; 1.0; 0; 0; 20
'MAL'; 'OSA'; 67.81175782; 67.41380406; 0.0; 1.0; 1; 1; 20
'MAL'; 'COR'; 67.00525961; 66.85739174; 0.333333333; 1.0; 0; 0; 10
'MAL'; 'ALM'; 64.57165108; 65.13273818; 0.25; 2.5; 0; 1; 10
'MAL'; 'NUM'; 66.40918917; 55.09536234; 0.2; 1.6666666669999999; 2; 0; 20
'MAL'; 'VAL'; 64.99589809; 63.45186542; 0.5; 1.166666667; 0; 2; 20
'MAL'; 'SAN'; 67.08651717; 66.08700192; 0.428571429; 0.5; 2; 1; 10
'MAL'; 'VAL'; 64.99589809; 65.77769352; 0.625; 1.625; 2; 1; 20
'MAL'; 'SPG'; 66.92050927; 62.94875598; 0.7777777779999999; 1.2; 0; 2; 20
'MAL'; 'HUE'; 64.44009126; 58.20829129999999; 0.7; 0.4; 4; 0; 10
'MAL'; 'BET'; 66.74629397; 65.22227458; 1.1; 0.666666667; 0; 3; 10
'MAL'; 'GET'; 64.44009126; 67.5359075; 1.1; 1.166666667; 2; 1; 20
'MAL'; 'SEV'; 64.26873484; 68.8924521; 1.2; 1.857142857; 1; 0; 10
'MAL'; 'ESP'; 66.53801903; 67.2392339; 1.3; 0.857142857; 3; 0; 20
'MAL'; 'BAR'; 65.38290651; 76.70897533; 1.6; 3.0; 1; 4; 20
'MAL'; 'AMA'; 66.53752031; 69.56219007; 1.5; 2.125; 0; 2; 10
'MAL'; 'REA'; 64.44009126; 74.01825903; 1.5; 2.666666667; 3; 4; 10
'MAL'; 'BIL'; 66.69504001; 60.89168872; 1.6; 0.7777777779999999; 3; 3; 20
'MAL'; 'ALM'; 66.92353182; 58.43657727; 1.7; 1.1; 1; 2; 10
'MAL'; 'VIL'; 63.86960378; 71.15616642; 1.8; 1.9; 2; 2; 20
'MAL'; 'MAL'; 66.05031591; 64.28944191; 1.6; 1.6; 2; 2; 20
'MAL'; 'MAL'; 64.28944191; 66.05031591; 1.6; 1.6; 2; 2; 10
'MAL'; 'VAL'; 66.34383408; 66.799776; 1.8; 1.7; 0; 3; 10
'MAL'; 'OSA'; 64.28944191; 67.04339485; 1.6; 0.4; 4; 2; 20
'MAL'; 'COR'; 64.28944191; 68.13015084; 1.9; 1.2; 0; 2; 10
'MAL'; 'HUE'; 66.68836677; 64.72587503; 1.6; 0.5; 2; 3; 20
'MAL'; 'GET'; 67.06588476; 67.8333676; 1.7; 1.3; 1; 4; 10
'MAL'; 'NUM'; 64.99290511; 61.20121694; 1.8; 1.2; 2; 0; 20
'MAL'; 'SAN'; 65.33116408; 67.22162363; 1.7; 1.4; 1; 1; 10
'MAL'; 'SEV'; 65.94512022; 69.08161618; 1.5; 1.5; 0; 0; 20
'MAL'; 'BAR'; 65.94512022; 72.98076737; 1.4; 3.0; 1; 3; 10
'MAL'; 'SPG'; 64.5584368; 50.14434917; 1.3; 1.6; 1; 0; 20
'MAL'; 'BET'; 64.23741408; 64.95981298; 1.2; 1.4; 2; 1; 10
'MAL'; 'REA'; 66.47680942; 75.37028829; 1.4; 1.5; 0; 3; 20
'MAL'; 'ESP'; 63.09485168; 59.31278368; 1.0; 1.1; 4; 0; 20
'MAL'; 'VIL'; 66.04200334; 64.28557113; 1.4; 1.7; 0; 2; 10
'MAL'; 'VAL'; 66.77828736; 71.21683634; 1.2; 1.8; 3; 1; 20
'MAL'; 'AMA'; 64.39050751; 69.42921669; 1.4; 2.3; 1; 1; 20
'MAL'; 'BIL'; 64.23741408; 66.81295025; 1.3; 1.8; 2; 3; 10
'MAL'; 'OSA'; 66.87335569; 67.49440092; 1.4; 1.8; 0; 1; 10
'MAL'; 'COR'; 66.77828736; 66.79617609; 1.4; 1.6; 1; 1; 20
'MAL'; 'ALM'; 63.95363882; 65.31166784; 1.4; 1.1; 3; 2; 20
'MAL'; 'VAL'; 64.45977158; 71.22833434; 1.6; 1.6; 1; 1; 10
'MAL'; 'NUM'; 66.99383652; 61.86335252; 1.5; 1.1; 1; 0; 10
'MAL'; 'SAN'; 66.77828736; 67.70909496; 1.6; 1.0; 1; 0; 20
'MAL'; 'VAL'; 64.45977158; 65.29226282; 1.3; 1.4; 3; 1; 10
'MAL'; 'HUE'; 64.45977158; 63.86367714; 1.6; 1.2; 0; 2; 20
'MAL'; 'SPG'; 66.32769132; 55.93808525; 1.3; 0.7; 1; 0; 10
'MAL'; 'BET'; 66.50441545; 65.46030692; 1.3; 1.3; 3; 3; 20
'MAL'; 'GET'; 63.99761609; 60.10248737; 1.4; 1.4; 2; 1; 10
'MAL'; 'ESP'; 66.55099387; 67.64471009; 1.6; 0.8; 3; 3; 10
'MAL'; 'SEV'; 64.04882142; 70.10520009; 1.8; 1.3; 2; 2; 20
'MAL'; 'BAR'; 64.80288438; 69.1397782; 1.7; 2.7; 0; 6; 10
'MAL'; 'AMA'; 66.50441545; 70.30462669; 1.6; 1.7; 2; 0; 20
'MAL'; 'REA'; 64.41810491; 74.32372263; 1.7; 2.8; 0; 1; 20
'MAL'; 'BIL'; 66.50441545; 69.39845072; 1.6; 1.3; 1; 2; 10
'MAL'; 'VIL'; 64.41810491; 70.38366927; 1.4; 1.3; 2; 0; 10
'MAL'; 'ALM'; 66.2108082; 64.40723767; 1.6; 1.6; 2; 0; 20
'MAL'; 'MAL'; 64.41810491; 66.43908314; 1.7; 1.7; 1; 1; 20
'MAL'; 'MAL'; 66.43908314; 64.41810491; 1.7; 1.7; 1; 1; 10
'MAL'; 'OSA'; 64.01554672; 67.37828522; 1.5; 1.3; 3; 2; 10
'MAL'; 'VAL'; 66.50441545; 65.81319358; 1.6; 1.5; 2; 0; 20
'MAL'; 'COR'; 63.67386189; 66.56713638; 1.5; 1.5; 1; 1; 20
'MAL'; 'HUE'; 66.50441545; 64.21654796; 1.4; 0.9; 4; 2; 10
'MAL'; 'NUM'; 64.39903024; 49.45000384; 1.8; 0.9; 0; 2; 10
'MAL'; 'GET'; 66.51540446; 66.52787479; 1.6; 1.0; 2; 1; 20
'MAL'; 'SEV'; 66.49144061; 70.50770268; 1.8; 1.6; 1; 3; 10
'MAL'; 'SAN'; 64.85136609999999; 66.21356911; 1.8; 1.9; 1; 0; 20
'MAL'; 'SPG'; 64.38810713; 56.17881837; 1.7; 1.1; 1; 2; 10
'MAL'; 'BAR'; 66.56235942; 63.37326907; 1.6; 2.9; 2; 1; 20
'MAL'; 'BET'; 65.5786749; 58.68400034; 1.7; 1.2; 1; 1; 20
'MAL'; 'REA'; 67.12534219; 74.96990361; 1.5; 2.3; 3; 1; 10
'MAL'; 'VIL'; 66.46955354; 69.55049041; 1.6; 1.5; 2; 3; 20
'MAL'; 'ESP'; 63.83350612; 67.49875049; 1.7; 1.8; 0; 3; 10
'MAL'; 'XER'; 66.23306387; 61.59736173; 1.3; 0.0; 2; 0; 20
'MAL'; 'AMA'; 65.40319925; 70.44693783; 1.5; 2.4; 3; 0; 20
'MAL'; 'COR'; 65.49749626; 67.44979631; 1.6; 1.2; 0; 1; 10
'MAL'; 'VIL'; 66.52530948; 70.58107484; 1.5; 1.7; 1; 1; 10
'MAL'; 'TEN'; 66.43603541; 61.72192127; 1.5; 1.0; 4; 0; 20
'MAL'; 'SAN'; 65.54366221; 65.74688031; 1.8; 1.3; 1; 2; 20
'MAL'; 'SEV'; 65.77476846; 70.48525994; 1.7; 1.6; 0; 2; 10
'MAL'; 'ESP'; 65.35963352; 66.370183; 1.6; 2.0; 1; 2; 10
'MAL'; 'BAR'; 64.87234808; 67.65154533; 1.4; 2.7; 0; 2; 20
'MAL'; 'VAL'; 66.43603541; 58.58916036; 1.2; 1.5; 3; 0; 20
'MAL'; 'XER'; 64.71992156; 61.89535257; 1.5; 0.0; 1; 1; 10
'MAL'; 'SPG'; 66.57856935; 64.54526908; 1.4; 1.2; 1; 4; 10
'MAL'; 'GET'; 67.12112157; 67.57623445; 1.2; 1.5; 3; 1; 20
'MAL'; 'ALM'; 65.34979169; 64.97004976; 1.5; 0.8; 1; 2; 20
'MAL'; 'AMA'; 67.12112157; 70.27331565; 1.5; 1.7; 1; 1; 10
'MAL'; 'VIL'; 65.045869; 68.9098084; 1.2; 1.4; 1; 2; 10
'MAL'; 'SAN'; 66.73360234; 66.09382453; 1.2; 1.2; 1; 0; 20
'MAL'; 'VAL'; 66.06719299; 70.30572161; 1.3; 1.6; 0; 1; 20
'MAL'; 'TEN'; 65.66647335; 61.83302563; 1.2; 0.5555555560000001; 2; 2; 10
'MAL'; 'BAR'; 66.52530948; 67.83358586; 1.4; 2.5; 2; 4; 10
'MAL'; 'ALM'; 67.19308913; 64.95887760000001; 1.3; 1.0; 3; 1; 20
'MAL'; 'ZAR'; 58.65885133; 52.75451069; 1.5; 1.4; 1; 1; 20
'MAL'; 'SEV'; 64.78371017; 69.44554872; 1.5; 2.1; 2; 2; 10
'MAL'; 'VAL'; 67.2636555; 70.31113287; 1.4; 1.8; 1; 1; 10
'MAL'; 'ZAR'; 66.6317005; 53.63335341; 1.4; 1.3; 4; 1; 20
'MAL'; 'OSA'; 64.20746383; 60.19179172; 1.7; 1.1; 1; 1; 20
'MAL'; 'VAL'; 63.72017839; 66.13526696; 1.7; 1.7; 1; 1; 10
'MAL'; 'OSA'; 66.49102804; 60.19179172; 1.7; 1.2; 1; 0; 10
'MAL'; 'MAL'; 63.72017839; 66.06043448; 1.8; 1.8; 2; 1; 20
'MAL'; 'MAL'; 66.06043448; 63.72017839; 1.8; 1.8; 1; 2; 10
'MAL'; 'SPG'; 63.93593264; 64.46028091; 1.8; 1.1; 2; 2; 10
'MAL'; 'BIL'; 66.27951699; 69.30779079999999; 1.8; 1.6; 2; 0; 20
'MAL'; 'REA'; 66.83337074; 74.97893421; 1.7; 2.3; 0; 2; 10
'MAL'; 'BIL'; 65.44948811; 69.14124069; 1.6; 1.4; 1; 1; 20
'MAL'; 'GET'; 64.39429331; 67.44034692; 1.5; 1.6; 1; 0; 20
'MAL'; 'COR'; 66.86967597; 66.04878514; 1.5; 0.9; 2; 0; 20
'MAL'; 'ESP'; 60.22118337; 66.40136170000001; 1.3; 0.5; 1; 1; 10
'MAL'; 'REA'; 58.3333265; 75.96751519; 1.3; 2.1; 0; 2; 10
'MAL'; 'XER'; 65.22213657; 57.09956503; 1.2; 0.5; 1; 2; 10
'MAL'; 'AMA'; 57.84604105; 70.53673652; 1.2; 2.0; 2; 0; 10
'MAL'; 'COR'; 57.51386114; 65.7037216; 1.2; 1.0; 0; 0; 20
'MAL'; 'VIL'; 66.83337074; 70.47128122; 1.0; 1.7; 1; 0; 20
'MAL'; 'SAN'; 57.84414943; 65.585992; 0.9; 1.4; 3; 0; 10
'MAL'; 'TEN'; 67.04528297; 56.09165856; 1.2; 0.9; 0; 1; 10
'MAL'; 'SEV'; 67.04528297; 69.45751920000001; 1.1; 1.0; 1; 3; 20
'MAL'; 'ESP'; 58.56931778; 67.45243981; 1.1; 0.8; 2; 1; 20
'MAL'; 'BAR'; 57.89609748; 76.86974278; 1.1; 2.5; 1; 2; 10
'MAL'; 'VAL'; 67.07432201; 65.51703177; 1.1; 1.3; 2; 1; 10
'MAL'; 'XER'; 59.27830257; 55.42785367; 1.3; 1.0; 2; 4; 20
'MAL'; 'SPG'; 67.02321947; 63.52124946; 1.4; 1.4; 3; 0; 20
'MAL'; 'GET'; 67.12112157; 60.41313131; 1.5; 0.6; 0; 3; 10
'MAL'; 'ALM'; 58.22310777; 65.17892422; 1.5; 1.4; 0; 1; 10
'MAL'; 'VIL'; 58.4736976; 69.00562495; 1.4; 1.3; 2; 0; 20
'MAL'; 'AMA'; 66.4589761; 68.79029951; 1.3; 1.6; 4; 1; 20
'MAL'; 'SAN'; 66.79681317; 65.63244673; 1.7; 0.6; 0; 0; 10
'MAL'; 'VAL'; 55.90986346; 71.94242167; 1.6; 0.9; 0; 1; 10
'MAL'; 'TEN'; 58.4736976; 55.44280236; 1.4; 1.2; 1; 1; 20
'MAL'; 'BAR'; 67.0880485; 75.8294934; 1.4; 2.4; 0; 1; 20
'MAL'; 'ZAR'; 58.22197265; 66.51917306; 1.2; 1.5; 0; 2; 10
'MAL'; 'ALM'; 67.0880485; 65.51464556; 1.0; 1.3; 1; 1; 10
'MAL'; 'SEV'; 51.11538041; 69.67971308; 0.8; 1.2; 1; 2; 20
'MAL'; 'VAL'; 66.6568685; 70.24876519; 0.9; 0.8; 3; 2; 20
'MAL'; 'ZAR'; 66.56018739999999; 67.04947609; 1.2; 1.2; 1; 1; 10
'MAL'; 'OSA'; 50.42605122; 67.06017316; 1.1; 0.7; 2; 2; 10
'MAL'; 'VAL'; 58.80075564; 65.37307221; 0.9; 1.0; 0; 0; 20
'MAL'; 'OSA'; 65.86995093; 66.90195731; 0.9; 0.9; 2; 0; 20
'MAL'; 'MAL'; 66.40929394; 64.90314315; 1.1; 1.1; 1; 1; 20
'MAL'; 'MAL'; 64.90314315; 66.40929394; 1.1; 1.1; 1; 1; 10
'MAL'; 'SPG'; 58.66687942; 64.48365864; 1.1; 0.5; 1; 1; 20
'MAL'; 'BIL'; 66.66736284; 67.92601147; 1.2; 1.3; 3; 1; 10
'MAL'; 'REA'; 67.03763952; 74.34054582; 1.5; 2.5; 1; 4; 20
'MAL'; 'BIL'; 65.36992001; 68.40560702; 1.5; 1.2; 1; 1; 10
'MAL'; 'GET'; 52.82029858; 66.73123196; 1.5; 1.9; 1; 2; 10
'MAL'; 'COR'; 66.37437294; 59.16646845; 1.3; 0.4; 0; 1; 10
'MAL'; 'ESP'; 67.23905741; 65.66667396; 1.2; 0.8; 2; 0; 20
'MAL'; 'REA'; 64.12791838; 74.37059928; 1.2; 2.7; 1; 1; 20
'MAL'; 'VAL'; 64.47712872; 70.85489171; 1.3; 1.2; 1; 3; 20
'MAL'; 'REA'; 65.06631751; 75.04666937; 1.2; 2.4; 0; 0; 20
'MAL'; 'SPG'; 65.83262664; 65.23930233; 1.1; 0.5; 0; 2; 10
'MAL'; 'ZAR'; 64.93931259; 66.01900614; 1.0; 1.1; 5; 3; 10
'MAL'; 'OSA'; 64.95066109; 66.09973309; 1.2; 1.1; 2; 0; 20
'MAL'; 'SEV'; 65.672499; 68.25807103; 1.3; 2.6; 1; 2; 20
'MAL'; 'BIL'; 65.29433484; 68.18648614; 1.3; 0.9; 0; 3; 10
'MAL'; 'GET'; 65.71668209; 66.66458935; 1.2; 2.2; 2; 0; 10
'MAL'; 'SOC'; 59.2848519; 66.60025471; 1.4; 1.25; 2; 0; 20
'MAL'; 'VIL'; 64.52188962; 70.82817664; 1.4; 1.9; 2; 3; 20
'MAL'; 'BAR'; 58.03285465; 75.98364745; 1.5; 2.7; 1; 1; 10
'MAL'; 'ALM'; 65.36156846; 65.39096646; 1.5; 1.3; 1; 1; 10
'MAL'; 'REA'; 65.31738537; 75.70126655; 1.6; 2.5; 1; 4; 20
'MAL'; 'ESP'; 58.52045796; 66.74433691; 1.7; 0.7; 0; 1; 20
'MAL'; 'VAL'; 59.29629499999999; 69.43768907; 1.2; 1.3; 2; 1; 10
'MAL'; 'OSA'; 64.77566351; 66.85219892; 1.2; 0.9; 0; 3; 10
'MAL'; 'SOC'; 65.23025942; 66.99205912; 1.1; 1.25; 1; 2; 20
'MAL'; 'LEV'; 59.23265053; 64.59333023; 1.2; 1.0; 2; 1; 20
'MAL'; 'ESP'; 64.58194774; 67.23523901; 1.2; 0.8; 0; 1; 10
'MAL'; 'ZAR'; 64.91637589999999; 65.90530568; 1.0; 1.0; 2; 3; 10
'MAL'; 'LEV'; 65.03016322; 63.76574411; 1.0; 1.0; 1; 0; 20
'MAL'; 'COR'; 58.74504723; 65.40210523; 1.0; 0.8; 0; 0; 20
'MAL'; 'SEV'; 65.4979267; 68.55130173; 0.9; 1.4; 2; 1; 10
'MAL'; 'COR'; 64.43564663; 65.3420403; 1.0; 0.8; 0; 3; 10
'MAL'; 'MAL'; 65.29433484; 64.35522789; 1.0; 1.0; 2; 0; 20
'MAL'; 'MAL'; 64.35522789; 65.29433484; 1.0; 1.0; 0; 2; 10
'MAL'; 'GET'; 64.99888029; 66.89891537; 1.0; 1.2; 0; 3; 10
'MAL'; 'SAN'; 65.33202382; 66.46781544; 1.0; 0.9; 4; 1; 20
'MAL'; 'HER'; 65.62541225; 58.14302549; 1.3; 1.1; 1; 4; 10
'MAL'; 'SAN'; 65.40002460000001; 65.93255078; 1.2; 0.9; 0; 1; 20
'MAL'; 'VIL'; 65.4979267; 70.82389564; 1.2; 1.7; 1; 3; 10
'MAL'; 'AMA'; 63.98721975; 71.11131988; 1.1; 1.5; 0; 3; 20
'MAL'; 'SPG'; 65.07333302; 65.48537126; 1.0; 0.7; 2; 1; 10
'MAL'; 'HER'; 65.15250736; 57.07373737; 1.2; 1.3; 3; 0; 20
'MAL'; 'BIL'; 67.35328747; 68.12098914; 1.3; 1.5; 1; 1; 20
'MAL'; 'ALM'; 65.15250736; 64.94915917; 1.4; 1.0; 4; 1; 20
'MAL'; 'BAR'; 66.62811912; 76.98370538; 1.6; 4.3; 1; 4; 10
'MAL'; 'AMA'; 64.28125586; 69.72406715; 1.7; 1.6; 0; 3; 10
'MAL'; 'VAL'; 67.79960904; 69.42523929; 1.3; 1.5; 3; 4; 10
'MAL'; 'REA'; 58.1291478; 74.81059466; 1.5; 2.2; 0; 1; 10
'MAL'; 'SPG'; 64.29490033; 65.09793238; 1.5; 0.8; 0; 4; 20
'MAL'; 'ZAR'; 66.5082016; 65.70637973; 1.4; 0.8; 1; 2; 20
'MAL'; 'OSA'; 64.90569847; 66.75969286; 1.5; 0.9; 1; 1; 10
'MAL'; 'SEV'; 67.65096254; 69.53700938; 1.4; 1.5; 0; 0; 10
'MAL'; 'GET'; 66.87456502; 66.47638604; 1.1; 1.7; 2; 2; 20
'MAL'; 'BIL'; 65.29433484; 68.60150862; 1.2; 1.7; 1; 0; 20
'MAL'; 'VIL'; 66.75226352; 69.94414341; 0.9; 1.5; 1; 1; 10
'MAL'; 'SOC'; 64.20541726; 66.07878575; 0.9; 1.5; 0; 1; 10
'MAL'; 'BAR'; 65.25571144; 73.92809802; 0.9; 3.2; 0; 3; 20
'MAL'; 'ALM'; 67.35285275; 66.32243589; 0.6; 1.4; 3; 1; 20
'MAL'; 'ESP'; 64.79952288; 66.78443716; 0.9; 1.7; 2; 1; 10
'MAL'; 'REA'; 66.26083407; 76.05711787; 1.1; 1.7; 0; 7; 10
'MAL'; 'VAL'; 65.29433484; 69.79412228; 1.0; 1.6; 1; 2; 20
'MAL'; 'OSA'; 66.90982244; 65.79431115; 1.0; 1.1; 0; 1; 20
'MAL'; 'SOC'; 65.46047606; 66.26652783; 1.0; 1.5; 2; 0; 10
'MAL'; 'LEV'; 65.08428223; 65.98349183; 1.0; 0.9; 1; 1; 10
'MAL'; 'ZAR'; 65.15315026; 65.88979816; 1.0; 1.2; 1; 0; 20
'MAL'; 'ESP'; 67.19262668; 65.94134078; 1.0; 1.4; 2; 0; 20
'MAL'; 'LEV'; 66.66110023; 65.37917367; 1.2; 1.1; 1; 3; 10
'MAL'; 'COR'; 63.83523583; 66.20227381; 1.3; 0.8; 1; 2; 10
'MAL'; 'SEV'; 65.66583304; 69.28018192; 1.1; 1.6; 2; 2; 20
'MAL'; 'COR'; 66.66110023; 66.89409713; 1.1; 1.0; 0; 0; 20
'MAL'; 'MAL'; 66.89443423; 64.95837021; 1.1; 1.1; 3; 0; 20
'MAL'; 'MAL'; 64.95837021; 66.89443423; 1.1; 1.1; 0; 3; 10
'MAL'; 'GET'; 65.57177709; 66.67211607; 1.3; 1.0; 2; 0; 20
'MAL'; 'SAN'; 66.86012058; 66.44711786; 1.5; 1.4; 2; 1; 10
'MAL'; 'HER'; 67.58528893; 62.17280497; 1.5; 0.6; 3; 1; 20
'MAL'; 'SAN'; 65.69629499999999; 67.22722051; 1.7; 1.2; 0; 2; 10
'MAL'; 'AMA'; 67.69029928; 71.97275033; 1.6; 2.2; 3; 0; 10
'MAL'; 'VIL'; 64.79949278; 69.80544936; 1.7; 1.1; 0; 0; 20
'MAL'; 'SPG'; 67.69029928; 63.4334358; 1.6; 1.0; 2; 0; 20
'MAL'; 'HER'; 64.79949278; 63.08106061; 1.7; 0.9; 2; 2; 10
'MAL'; 'ALM'; 64.63731254; 64.20943868; 1.7; 0.6; 1; 3; 10
'MAL'; 'BIL'; 67.38160928; 68.65758229; 1.8; 1.6; 1; 1; 10
'MAL'; 'BAR'; 66.82184451; 69.05120332; 1.6; 1.4; 1; 3; 20
'MAL'; 'AMA'; 65.10094889999999; 69.98912932; 1.5; 1.9; 3; 4; 20
'MAL'; 'SEV'; 70.28904649; 69.75610339; 1.6; 2.0; 1; 2; 10
'MAL'; 'ESP'; 64.75590238; 65.65608151; 1.4; 0.9; 1; 0; 20
'MAL'; 'BET'; 64.02696596; 66.18554651; 1.5; 1.1; 0; 1; 10
'MAL'; 'GRA'; 70.4723088; 64.94367618; 1.2; 0.0; 4; 0; 20
'MAL'; 'MAL'; 64.59262252; 70.77011445; 1.6; 1.6; 0; 1; 20
'MAL'; 'MAL'; 70.77011445; 64.59262252; 1.6; 1.6; 1; 0; 10
'MAL'; 'VIL'; 64.55792934; 68.79846662; 1.4; 0.8; 0; 2; 10
'MAL'; 'BIL'; 70.77011445; 69.88314685; 1.2; 1.6; 1; 0; 20
'MAL'; 'ZAR'; 70.51590569; 65.3412541; 1.2; 1.4; 0; 0; 10
'MAL'; 'SOC'; 65.13116301; 66.56554619; 1.1; 1.2; 2; 1; 20
'MAL'; 'GET'; 70.77011445; 66.96673912; 1.2; 1.0; 3; 2; 20
'MAL'; 'OSA'; 65.45541139999999; 64.98668028; 1.2; 1.1; 2; 2; 10
'MAL'; 'VAL'; 65.48571443; 68.98818205; 1.3; 1.6; 1; 1; 20
'MAL'; 'LEV'; 71.0860908; 66.13548578; 1.3; 1.2; 0; 3; 10
'MAL'; 'REA'; 70.23102996; 76.10160525; 1.3; 3.9; 0; 4; 20
'MAL'; 'AMA'; 65.32345143; 71.64129108; 0.9; 1.5; 1; 1; 10
'MAL'; 'SPG'; 64.83837338; 65.26467173; 1.0; 0.7; 1; 2; 20
'MAL'; 'RAY'; 70.01412192; 65.62953045; 1.1; 1.0; 0; 2; 10
'MAL'; 'BAR'; 63.87486054; 73.6863738; 1.0; 3.0; 0; 5; 10
'MAL'; 'ESP'; 71.24431591; 66.07424301; 1.0; 1.0; 2; 1; 20
'MAL'; 'SEV'; 65.499841; 69.86735534; 1.0; 1.1; 0; 0; 20
'MAL'; 'BET'; 71.24431591; 65.16262776; 0.7; 1.0; 0; 0; 10
'MAL'; 'SAN'; 70.43331112; 65.03896214; 0.5; 0.4; 3; 1; 10
'MAL'; 'SAN'; 65.50289291; 64.63536829; 0.7; 0.5; 2; 1; 20
'MAL'; 'VIL'; 69.73612716; 68.25510497; 0.9; 0.8; 2; 1; 20
'MAL'; 'BIL'; 64.04074071; 69.61137295; 1.1; 1.5; 1; 1; 20
'MAL'; 'SOC'; 70.17910237; 66.54789109; 1.1; 0.8; 2; 3; 10
'MAL'; 'GRA'; 64.41558643; 65.23458566; 1.2; 0.5; 2; 2; 10
'MAL'; 'OSA'; 70.32947966; 64.13523074; 1.4; 1.6; 1; 1; 20
'MAL'; 'ZAR'; 65.45917711; 65.29433424; 1.5; 0.7; 1; 0; 10
'MAL'; 'GET'; 65.45917711; 66.40462313; 1.4; 1.1; 1; 2; 20
'MAL'; 'VAL'; 70.63821201; 70.93081918; 1.5; 1.6; 0; 2; 10
'MAL'; 'LEV'; 65.46463601; 66.44770507; 1.5; 1.7; 0; 0; 10
'MAL'; 'AMA'; 69.85817728; 71.23286026; 1.2; 1.5; 0; 0; 20
'MAL'; 'REA'; 65.00968216; 75.56444013; 1.0; 3.7; 1; 2; 20
'MAL'; 'SPG'; 70.16083938; 64.66839817; 0.9; 1.3; 1; 2; 10
'MAL'; 'BAR'; 70.03631535; 76.16991766; 0.9; 2.9; 1; 4; 20
'MAL'; 'RAY'; 66.05693638; 65.1674374; 0.8; 1.3; 1; 0; 10
'MAL'; 'ESP'; 64.72914956; 66.01217668; 0.7; 1.3; 0; 1; 10
'MAL'; 'SEV'; 69.87786612; 69.51996749; 0.6; 1.0; 2; 1; 20
'MAL'; 'BET'; 65.1580991; 65.53520197; 0.7; 1.3; 1; 0; 20
'MAL'; 'GRA'; 69.56969243; 65.29461471; 0.7; 1.0; 1; 2; 10
'MAL'; 'MAL'; 69.35191494; 64.67011122; 0.8; 0.8; 3; 1; 20
'MAL'; 'MAL'; 64.67011122; 69.35191494; 0.8; 0.8; 1; 3; 10
'MAL'; 'BIL'; 69.35191494; 68.19508283; 1.1; 1.5; 0; 3; 10
'MAL'; 'VIL'; 65.3821889; 69.34437782; 1.1; 1.3; 4; 0; 20
'MAL'; 'ZAR'; 69.35191494; 65.09240863; 1.4; 0.6; 5; 1; 20
'MAL'; 'SOC'; 65.3821889; 67.11853118; 1.8; 1.4; 0; 1; 10
'MAL'; 'GET'; 69.60612370000001; 66.90749878; 1.7; 1.0; 3; 1; 10
'MAL'; 'OSA'; 65.93029564; 65.22604576; 1.9; 1.0; 1; 1; 20
'MAL'; 'LEV'; 71.08304178; 66.04076439; 2.0; 1.3; 1; 0; 20
'MAL'; 'VAL'; 64.25741641; 69.65721138; 1.9; 1.4; 2; 2; 10
'MAL'; 'AMA'; 65.64279496; 71.05511787; 2.0; 1.3; 2; 1; 20
'MAL'; 'REA'; 70.5781822; 76.30111468; 2.1; 3.2; 1; 1; 10
'MAL'; 'SPG'; 65.05182519; 63.25506222; 1.9; 0.9; 3; 2; 10
'MAL'; 'RAY'; 70.52932277; 64.95192432; 2.2; 2.1; 4; 2; 20
'MAL'; 'BAR'; 65.22005078; 76.92956507; 2.2; 2.7; 0; 2; 20
'MAL'; 'ESP'; 69.54289711; 66.06129134; 1.7; 1.8; 2; 1; 10
'MAL'; 'BET'; 69.92807005; 66.21999194; 1.9; 1.1; 0; 2; 20
'MAL'; 'SEV'; 66.05693638; 69.69652004; 1.6; 1.3; 1; 3; 10
'MAL'; 'GRA'; 65.38838902; 65.49043574; 1.6; 1.4; 0; 0; 20
'MAL'; 'SAN'; 69.78810793; 62.39815551; 1.5; 0.6; 3; 0; 20
'MAL'; 'SAN'; 65.39187981; 60.13632041; 1.6; 0.5; 3; 0; 10
'MAL'; 'VIL'; 69.67462795; 69.05605030000001; 1.7; 1.1; 1; 2; 10
'MAL'; 'BIL'; 63.64455282; 69.34228204; 1.7; 1.3; 0; 1; 10
'MAL'; 'SOC'; 69.07736413; 66.67272618; 1.4; 1.4; 1; 1; 20
'MAL'; 'ZAR'; 65.30528525; 65.26330823; 1.1; 1.1; 1; 0; 20
'MAL'; 'OSA'; 70.44110231; 65.16477319; 1.2; 1.1; 1; 1; 10
'MAL'; 'GET'; 65.59128713; 67.15696402; 1.1; 1.4; 3; 1; 10
'MAL'; 'VAL'; 70.48568641; 69.20818628; 1.4; 1.7; 1; 0; 20
'MAL'; 'RAY'; 65.52032022; 64.56836104; 1.4; 1.4; 1; 0; 20
'MAL'; 'BAR'; 69.20845431; 74.69563209; 1.5; 3.1; 1; 4; 10
'MAL'; 'AMA'; 70.58106443; 71.63948426; 1.3; 1.4; 1; 2; 10
'MAL'; 'LEV'; 64.80600968; 66.50793204; 1.1; 1.4; 1; 0; 20
'MAL'; 'REA'; 64.95165324; 76.29801191; 1.1; 2.8; 1; 4; 10
'MAL'; 'SPG'; 70.97828432; 64.28125161; 1.2; 1.7; 1; 0; 20
'MAL'; 'CEL'; 70.39413897; 64.31219251; 1.2; 0.0; 1; 0; 10
'MAL'; 'ESP'; 64.57902901; 65.5529889; 1.2; 1.0; 2; 1; 20
'MAL'; 'MAL'; 68.76058077; 64.57902901; 1.3; 1.3; 1; 1; 20
'MAL'; 'MAL'; 64.57902901; 68.76058077; 1.3; 1.3; 1; 1; 10
'MAL'; 'ZAR'; 70.53376439; 58.43471917; 1.1; 1.1; 1; 0; 10
'MAL'; 'SOC'; 64.81144889999999; 66.27275812; 1.1; 1.3; 1; 0; 20
'MAL'; 'LEV'; 69.37934137; 66.44842342; 1.1; 1.4; 3; 1; 20
'MAL'; 'OSA'; 64.68480817; 64.58744143; 1.3; 1.0; 1; 1; 10
'MAL'; 'BIL'; 70.53376439; 66.41004982; 1.3; 1.0; 0; 0; 10
'MAL'; 'VAL'; 64.86413485; 69.28082996; 1.2; 1.0; 2; 0; 20
'MAL'; 'BET'; 69.63355013; 66.05622724; 1.3; 1.7; 4; 0; 20
'MAL'; 'GET'; 64.54378853; 66.91289716; 1.6; 0.8; 0; 1; 10
'MAL'; 'AMA'; 69.76255952; 72.20806178; 1.5; 2.2; 1; 2; 10
'MAL'; 'GRA'; 64.72660118; 66.25540129; 1.4; 0.8; 1; 2; 20
'MAL'; 'VAL'; 69.09045686; 65.04977466; 1.4; 1.2; 2; 1; 20
'MAL'; 'SEV'; 64.80670512; 69.48098604; 1.5; 1.5; 2; 3; 10
'MAL'; 'ESP'; 68.76019307; 65.11809325; 1.6; 1.2; 0; 0; 10
'MAL'; 'REA'; 65.25003549; 76.38915583; 1.3; 2.2; 0; 5; 20
'MAL'; 'RAY'; 69.16937005; 65.27854202; 1.2; 1.2; 1; 2; 20
'MAL'; 'COR'; 65.17409753; 66.34633281; 1.3; 1.4; 0; 1; 10
'MAL'; 'SOC'; 69.04225788; 67.02591285; 1.1; 1.0; 1; 2; 20
'MAL'; 'BAR'; 64.67409753; 76.79671826; 0.8; 3.2; 2; 4; 20
'MAL'; 'OSA'; 70.18451431; 64.51221259; 1.0; 1.1; 0; 0; 10
'MAL'; 'CEL'; 64.64761421; 63.98151055; 0.9; 1.3; 1; 1; 10
'MAL'; 'VAL'; 70.18451431; 69.67218867; 0.9; 1.3; 4; 0; 20
'MAL'; 'RAY'; 65.74988694; 65.71876239999999; 1.1; 1.3; 0; 2; 10
'MAL'; 'GET'; 70.18451431; 67.42783485; 0.9; 1.2; 0; 1; 10
'MAL'; 'ZAR'; 64.96525491; 65.28389035; 0.9; 1.3; 1; 1; 20
'MAL'; 'GRA'; 69.63355013; 65.61468587; 1.0; 0.9; 4; 0; 20
'MAL'; 'LEV'; 65.60540642; 66.63386119; 1.3; 1.1; 0; 4; 10
'MAL'; 'BIL'; 66.10540642; 68.92113432; 1.3; 1.2; 0; 1; 20
'MAL'; 'SEV'; 69.76255952; 69.82523529; 1.2; 1.5; 2; 0; 10
'MAL'; 'REA'; 69.49235557; 74.67552505; 1.2; 2.7; 3; 2; 20
'MAL'; 'BET'; 64.93865873; 66.76170108; 1.5; 1.5; 2; 1; 10
'MAL'; 'COR'; 69.63355013; 65.7923532; 1.6; 1.2; 0; 1; 10
'MAL'; 'AMA'; 65.94356069; 71.13130048; 1.2; 1.9; 1; 1; 20
'MAL'; 'VAL'; 66.09657328; 64.85262656; 1.3; 1.5; 1; 3; 10
'MAL'; 'BAR'; 70.27955564; 76.44375682; 1.4; 3.7; 1; 3; 20
'MAL'; 'ESP'; 65.06574283; 67.16847734; 1.4; 0.9; 2; 3; 10
'MAL'; 'CEL'; 69.92110262; 64.51211495; 1.2; 0.9; 1; 1; 20
'MAL'; 'MAL'; 65.92034149; 69.88630835; 1.3; 1.3; 2; 3; 20
'MAL'; 'MAL'; 69.88630835; 65.92034149; 1.3; 1.3; 3; 2; 10
'MAL'; 'ZAR'; 70.01322666; 58.31002064; 1.5; 0.7; 1; 1; 20
'MAL'; 'SOC'; 66.46799998; 67.69982581; 1.4; 2.0; 0; 3; 10
'MAL'; 'LEV'; 69.97257137; 66.4157236; 1.1; 1.3; 2; 1; 10
'MAL'; 'OSA'; 66.37023663; 64.72681543; 1.1; 0.7; 1; 1; 20
'MAL'; 'BIL'; 68.45383628; 67.73487738; 1.2; 1.1; 1; 0; 20
'MAL'; 'VAL'; 66.25569839; 69.98509713; 1.2; 1.3; 0; 2; 10
'MAL'; 'GET'; 66.28875625; 67.23004762; 1.1; 1.5; 1; 3; 20
'MAL'; 'BET'; 68.41471362; 66.77128982; 1.1; 0.8; 0; 3; 10
'MAL'; 'AMA'; 69.67607131; 72.24066344; 0.9; 1.3; 0; 0; 20
'MAL'; 'GRA'; 65.82043669; 65.62052834; 0.8; 1.3; 2; 1; 10
'MAL'; 'VAL'; 68.83379701; 63.943143799999994; 0.8; 1.2; 1; 1; 10
'MAL'; 'SEV'; 64.94446667; 68.69303622; 0.8; 1.7; 2; 1; 20
'MAL'; 'REA'; 65.30646229; 74.30090809999999; 1.0; 2.5; 2; 5; 10
'MAL'; 'ESP'; 69.13647247; 66.18107697; 1.0; 1.2; 0; 2; 20
'MAL'; 'RAY'; 69.97620369; 65.78655666; 0.9; 1.2; 3; 1; 10
'MAL'; 'COR'; 66.28875625; 66.72160413; 1.1; 1.0; 2; 3; 20
'MAL'; 'SOC'; 67.83469484; 67.75867182; 1.3; 2.3; 2; 4; 10
'MAL'; 'BAR'; 65.30646229; 72.92306324; 1.4; 2.6; 0; 5; 10
'MAL'; 'OSA'; 69.8059717; 64.50234359; 1.4; 1.0; 1; 0; 20
'MAL'; 'CEL'; 64.75184237; 63.59822382; 1.5; 0.9; 1; 0; 20
'MAL'; 'RAY'; 64.60465623; 65.67432498; 1.4; 1.0; 1; 1; 20
'MAL'; 'VAL'; 69.8059717; 70.11739895; 1.4; 1.4; 1; 5; 10
'MAL'; 'ZAR'; 65.93425571; 58.71426553; 1.3; 0.7; 2; 3; 10
'MAL'; 'GET'; 68.94878747; 66.60465972; 1.3; 1.1; 2; 1; 20
'MAL'; 'GRA'; 69.26447428; 65.87787334; 1.5; 0.7; 0; 1; 10
'MAL'; 'LEV'; 65.56431701; 66.86751208; 1.2; 0.6; 1; 1; 20
'MAL'; 'REA'; 68.98494050000001; 73.70950896; 1.1; 2.9; 2; 6; 10
'MAL'; 'BIL'; 66.03935965; 68.86092698; 1.1; 0.9; 1; 2; 10
'MAL'; 'SEV'; 69.70687387; 68.37770215; 1.2; 1.9; 0; 0; 20
'MAL'; 'BET'; 66.06645472; 66.45170108; 1.1; 1.8; 1; 0; 20
'MAL'; 'COR'; 70.26349236; 66.26352264; 1.1; 1.7; 3; 1; 20
'MAL'; 'AMA'; 66.18261634; 71.91364323; 1.3; 1.4; 0; 0; 10
'MAL'; 'BAR'; 70.40588891; 74.20184298; 1.2; 2.6; 1; 4; 10
'MAL'; 'VAL'; 66.05597560000001; 64.55363175; 1.1; 1.9; 4; 2; 20
'MAL'; 'VAL'; 65.70838566; 68.59364642; 1.3; 1.7; 0; 1; 10
'MAL'; 'BAR'; 66.20784974; 75.46732857; 1.3; 3.2; 0; 1; 20
'MAL'; 'SEV'; 66.19828465; 67.26418199999999; 1.2; 1.4; 2; 2; 10
'MAL'; 'RAY'; 66.79411127; 65.47932143; 1.2; 1.4; 5; 0; 20
'MAL'; 'SOC'; 66.69689966; 67.90817226; 1.6; 1.7; 0; 0; 10
'MAL'; 'ALM'; 66.15996784; 63.80310686; 1.6; 1.4; 2; 0; 20
'MAL'; 'VAL'; 67.50367649; 62.84313943; 1.7; 1.1; 2; 2; 10
'MAL'; 'OSA'; 66.81237426; 64.95204069; 1.6; 0.9; 0; 1; 20
'MAL'; 'REA'; 66.7698807; 73.82167839; 1.6; 2.4; 0; 2; 10
'MAL'; 'CEL'; 67.16329172; 64.59159323; 1.5; 0.9; 0; 5; 20
'MAL'; 'ESP'; 67.03969817; 66.10293427; 1.1; 1.2; 0; 0; 10
'MAL'; 'BET'; 66.02221565; 65.15552462; 1.1; 0.8; 3; 2; 20
'MAL'; 'GRA'; 65.92492164; 64.23218557; 1.4; 0.6; 1; 3; 10
'MAL'; 'BIL'; 65.85000727; 68.86913936; 1.3; 1.5; 1; 2; 20
'MAL'; 'VIL'; 66.50300908; 67.3696564; 0.9; 1.4; 1; 1; 10
'MAL'; 'GET'; 67.6009705; 65.63616296; 1.0; 1.3; 1; 0; 20
'MAL'; 'ELC'; 67.61923349; 65.50221793; 0.9; 1.1; 1; 0; 10
'MAL'; 'AMA'; 66.53175811; 72.24879814; 0.8; 2.7; 0; 1; 20
'MAL'; 'LEV'; 66.93787012; 65.85067149; 0.8; 0.9; 0; 1; 10
'MAL'; 'VAL'; 66.40576647; 70.04929959; 0.8; 1.3; 0; 0; 20
'MAL'; 'BAR'; 66.55902801; 76.64033297; 0.8; 2.4; 0; 3; 10
'MAL'; 'SEV'; 67.29794848; 68.40653736; 0.8; 1.9; 3; 2; 20
'MAL'; 'RAY'; 66.76721648; 65.34742186; 0.8; 1.1; 1; 4; 10
'MAL'; 'SOC'; 66.071564; 67.22027461; 0.8; 2.3; 0; 1; 20
'MAL'; 'ALM'; 67.0070419; 63.67980972; 0.7; 0.9; 0; 0; 10
'MAL'; 'VAL'; 67.19363042; 63.10306845; 0.6; 1.6; 1; 1; 20
'MAL'; 'OSA'; 66.28192113; 63.90916283; 0.6; 1.1; 2; 0; 10
'MAL'; 'REA'; 66.37202507; 73.92197156; 0.7; 2.7; 0; 1; 20
'MAL'; 'CEL'; 66.17743879999999; 64.56181651; 0.7; 1.2; 2; 0; 10
'MAL'; 'ESP'; 65.94374579; 65.53337526; 0.9; 1.0; 1; 2; 20
'MAL'; 'BET'; 66.08013218; 64.63453411; 1.0; 1.0; 2; 1; 10
'MAL'; 'GRA'; 66.49945359; 58.42767406; 1.2; 0.9; 4; 1; 20
'MAL'; 'BIL'; 66.97235763; 68.44397679999999; 1.3; 1.3; 0; 3; 10
'MAL'; 'VIL'; 66.28192113; 66.68973215; 1.2; 0.8; 2; 0; 20
'MAL'; 'GET'; 66.2112334; 66.12363244; 1.4; 0.7; 0; 1; 10
'MAL'; 'ELC'; 65.67362165; 64.79036668; 1.4; 0.6; 0; 1; 20
'MAL'; 'AMA'; 66.62705087; 71.71072805; 1.3; 1.4; 1; 1; 10
'MAL'; 'LEV'; 66.73839323; 66.32042416; 1.2; 0.9; 1; 0; 20
'MAL'; 'BIL'; 65.49664178; 69.04881178; 1.3; 1.5; 1; 0; 20
'MAL'; 'VAL'; 65.63670912; 68.23153312; 1.2; 1.1; 0; 3; 10
'MAL'; 'LEV'; 65.5696702; 64.37429941; 1.1; 0.8; 0; 0; 20
'MAL'; 'ESP'; 65.49664178; 65.25206309; 0.9; 1.0; 2; 2; 10
'MAL'; 'BAR'; 66.61779489; 72.89129452; 0.7; 1.9; 0; 0; 20
'MAL'; 'GET'; 66.40111683; 65.30170018; 0.7; 0.8; 0; 1; 10
'MAL'; 'GRA'; 65.88796601; 64.31760019; 0.5; 0.6; 2; 1; 20
'MAL'; 'COR'; 66.01737935; 60.846037; 0.7; 0.8; 2; 1; 10
'MAL'; 'RAY'; 65.05216892; 66.25551643; 0.9; 1.2; 4; 0; 20
'MAL'; 'SOC'; 65.05216892; 63.986572200000005; 1.2; 1.1; 1; 0; 10
'MAL'; 'EIB'; 65.46124503; 62.15198364; 1.2; 1.2; 2; 1; 20
'MAL'; 'AMA'; 65.27727714; 71.32913211; 1.3; 2.0; 1; 3; 10
'MAL'; 'REA'; 65.16180336; 74.86994401; 1.4; 4.2; 1; 2; 20
'MAL'; 'COR'; 65.70217336; 64.4514758; 1.5; 0.9; 1; 0; 10
'MAL'; 'CEL'; 65.70217336; 64.53623019; 1.4; 0.9; 1; 0; 20
'MAL'; 'ELC'; 65.95971991; 63.89482744; 1.5; 0.7; 2; 1; 10
'MAL'; 'ALM'; 64.31328761; 61.04147321; 1.7; 0.8; 1; 2; 20
'MAL'; 'VIL'; 64.9193915; 67.91988665; 1.6; 1.9; 1; 1; 20
'MAL'; 'SEV'; 64.9193915; 67.94512279; 1.5; 1.5; 0; 2; 10
'MAL'; 'BIL'; 65.70292327; 68.00547787; 1.1; 0.9; 1; 1; 10
'MAL'; 'VAL'; 65.19223626; 68.21215149; 1.1; 1.5; 1; 0; 20
'MAL'; 'LEV'; 65.26526468; 64.18770427; 1.0; 0.6; 1; 4; 10
'MAL'; 'ESP'; 65.2361368; 64.05540725; 1.0; 1.6; 0; 2; 20
'MAL'; 'BAR'; 64.50505455; 74.66743387; 0.9; 3.6; 1; 0; 10
'MAL'; 'GET'; 65.21431862; 65.2096185; 0.9; 0.9; 3; 2; 20
'MAL'; 'GRA'; 65.14159135; 64.32365625; 1.1; 0.7; 0; 1; 10
'MAL'; 'COR'; 65.21431862; 60.9541728; 0.9; 0.6; 2; 0; 20
'MAL'; 'RAY'; 64.50505455; 65.43435126; 1.0; 1.3; 0; 1; 10
'MAL'; 'SOC'; 65.32010717; 66.73537889; 0.9; 1.4; 1; 1; 20
'MAL'; 'EIB'; 64.991788; 62.19193512; 1.0; 0.3; 0; 1; 10
'MAL'; 'AMA'; 65.32010717; 71.29536209999999; 0.9; 1.7; 2; 2; 20
'MAL'; 'REA'; 65.22281316; 75.09535723; 1.0; 2.2; 1; 3; 10
'MAL'; 'COR'; 65.32010717; 64.94568908; 1.0; 0.6; 1; 1; 20
'MAL'; 'CEL'; 65.44516999; 64.99478634; 1.1; 1.6; 0; 1; 10
'MAL'; 'ELC'; 65.19223626; 63.92394636; 1.0; 1.0; 1; 2; 20
'MAL'; 'ALM'; 66.30412316; 62.13962023; 0.8; 0.9; 2; 1; 10
'MAL'; 'VIL'; 66.03377335; 66.21891998; 1.0; 0.3; 1; 2; 10
'MAL'; 'SEV'; 66.13630021; 67.52893377; 0.9; 1.9; 2; 3; 20
'MAL'; 'SEV'; 65.5240664; 68.76569474; 1.1; 2.0; 0; 0; 20
'MAL'; 'BAR'; 66.15388691; 74.31105663; 1.0; 3.0; 0; 1; 10
'MAL'; 'EIB'; 65.68367491; 62.98269792; 1.0; 1.1; 0; 0; 20
'MAL'; 'GET'; 65.94016842; 65.22076556; 0.8; 0.7; 0; 1; 10
'MAL'; 'VIL'; 65.5978919; 64.79116879; 0.7; 1.4; 0; 1; 20
'MAL'; 'REA'; 65.10520529; 71.59999811; 0.6; 3.3; 0; 0; 10
'MAL'; 'SOC'; 66.28043158; 66.19223981; 0.6; 1.2; 3; 1; 20
'MAL'; 'VAL'; 65.68334644; 65.85937584; 0.8; 1.0; 0; 3; 10
'MAL'; 'COR'; 65.76150808; 65.35235478; 0.6; 1.6; 2; 0; 20
'MAL'; 'SPG'; 65.09753983; 62.85927006; 0.7; 1.0; 0; 1; 10
'MAL'; 'BET'; 66.20715334; 65.61769851; 0.5; 1.0; 0; 1; 20
'MAL'; 'ESP'; 66.17704709; 62.685661100000004; 0.5; 1.1; 0; 2; 10
'MAL'; 'GRA'; 66.78180899; 61.56232282; 0.5; 1.0; 2; 2; 20
'MAL'; 'BIL'; 64.72949021; 67.88709907; 0.7; 1.8; 0; 0; 10
'MAL'; 'RAY'; 65.07786647; 63.91189007; 0.7; 1.3; 2; 1; 10
'MAL'; 'AMA'; 66.35834266; 69.94220189; 0.9; 1.3; 1; 0; 20
'MAL'; 'LEV'; 65.53315804; 64.31051201; 1.0; 0.7; 1; 0; 10
'MAL'; 'CEL'; 66.06403827; 63.57895454; 0.8; 1.3; 2; 0; 20
'MAL'; 'LAS'; 66.62182718; 62.90688025; 1.0; 1.2; 1; 1; 10
'MAL'; 'SEV'; 66.91846489; 67.41598509; 0.9; 1.3; 1; 2; 10
'MAL'; 'BAR'; 66.5095539; 74.59232443; 1.0; 3.0; 1; 2; 20
'MAL'; 'EIB'; 65.35705751; 61.76714625; 1.1; 1.8; 2; 1; 10
'MAL'; 'GET'; 65.56662556; 65.00458558; 1.3; 1.4; 3; 0; 20
'MAL'; 'VIL'; 64.97168386; 66.59694632; 1.4; 1.3; 0; 1; 10
'MAL'; 'REA'; 65.2050851; 71.98947179; 1.4; 3.8; 1; 1; 20
'MAL'; 'SOC'; 63.39105913; 65.68728458; 1.3; 1.8; 1; 1; 10
'MAL'; 'VAL'; 65.35705751; 67.56021858; 1.3; 0.9; 1; 2; 20
'MAL'; 'COR'; 66.86525543; 65.47666011; 1.3; 0.9; 3; 3; 10
'MAL'; 'SPG'; 64.78269744; 61.6102623; 1.4; 1.4; 1; 0; 20
'MAL'; 'BET'; 65.9933366; 64.00565309; 1.4; 1.4; 1; 0; 10
'MAL'; 'ESP'; 66.09672341; 62.27467031; 1.4; 1.3; 1; 1; 20
'MAL'; 'GRA'; 66.08191469; 63.13826669; 1.4; 0.9; 0; 0; 10
'MAL'; 'BIL'; 65.71844483; 66.86928938; 1.2; 1.7; 0; 1; 20
'MAL'; 'RAY'; 65.59672341; 62.57011953; 0.9; 1.5; 1; 1; 20
'MAL'; 'AMA'; 64.93559108; 69.04370457; 1.0; 2.3; 0; 1; 10
'MAL'; 'LEV'; 64.77298917; 63.62828428; 0.9; 0.9; 3; 1; 20
'MAL'; 'CEL'; 66.35587978; 63.86247828; 1.1; 1.1; 0; 1; 10
'MAL'; 'LAS'; 65.71844483; 61.32574227; 1.0; 1.5; 4; 1; 20
