'SPG'; 'GET'; 56.2241422; 67.10559561; 0.0; 0.0; 1; 2; 20
'SPG'; 'SEV'; 62.3219586; 68.99559349; 1.0; 1.0; 3; 4; 10
'SPG'; 'BAR'; 61.58875598; 75.7373822; 2.0; 0.5; 1; 6; 20
'SPG'; 'REA'; 55.64195187; 67.24344777; 1.6666666669999999; 2.333333333; 1; 7; 10
'SPG'; 'VIL'; 62.94875598; 63.28278575; 1.5; 1.5; 0; 1; 20
'SPG'; 'MAL'; 62.94875598; 66.92050927; 1.2; 0.7777777779999999; 2; 0; 10
'SPG'; 'OSA'; 62.94875598; 66.47702318; 1.333333333; 0.333333333; 2; 1; 20
'SPG'; 'COR'; 63.24822122; 67.10002272; 1.428571429; 0.7142857140000001; 3; 0; 10
'SPG'; 'NUM'; 62.94875598; 55.79984144; 1.625; 0.875; 3; 1; 20
'SPG'; 'SAN'; 62.45102871; 66.67380908; 1.7777777780000001; 1.0; 0; 1; 10
'SPG'; 'VAL'; 63.39237707; 70.79225316; 1.6; 1.5; 3; 2; 10
'SPG'; 'BET'; 63.37312573; 64.89635562; 1.8; 1.6; 1; 2; 20
'SPG'; 'ESP'; 57.11078807; 59.068995799999996; 1.6; 0.8; 1; 0; 10
'SPG'; 'AMA'; 57.11078807; 70.37714481; 1.6; 1.9; 2; 5; 20
'SPG'; 'BIL'; 56.51613983; 68.27858655; 1.7; 1.2; 0; 3; 10
'SPG'; 'ALM'; 62.07250743; 64.76809171; 1.7; 0.9; 1; 0; 20
'SPG'; 'MAL'; 50.14434917; 64.5584368; 1.6; 1.3; 0; 1; 10
'SPG'; 'VAL'; 63.20065735; 66.14839827; 1.4; 2.0; 2; 1; 20
'SPG'; 'HUE'; 62.16148544; 64.72740552; 1.3; 1.1; 0; 2; 10
'SPG'; 'GET'; 49.26984848; 66.73043349999999; 1.0; 1.4; 1; 5; 10
'SPG'; 'SEV'; 56.97691997; 68.18041297; 1.1; 1.2; 1; 0; 20
'SPG'; 'BAR'; 56.39570785; 76.90337876; 0.9; 2.9; 1; 3; 10
'SPG'; 'REA'; 57.08752603; 74.70467501; 0.9; 1.6; 0; 4; 20
'SPG'; 'VIL'; 49.43382421; 63.47783792; 0.8; 1.3; 1; 2; 10
'SPG'; 'MAL'; 55.93808525; 66.32769132; 0.7; 1.3; 0; 1; 20
'SPG'; 'OSA'; 56.67259208; 60.25391918; 0.7; 1.5; 2; 1; 10
'SPG'; 'COR'; 56.62461228; 68.20295279; 0.8; 1.4; 3; 2; 20
'SPG'; 'NUM'; 56.51400622; 55.44208855; 1.1; 0.6; 1; 2; 10
'SPG'; 'SAN'; 56.17486481; 59.90130778; 1.0; 1.4; 0; 2; 20
'SPG'; 'VAL'; 56.93016784; 70.87432297; 1.0; 1.4; 2; 3; 20
'SPG'; 'BET'; 62.3306424; 58.97901089; 1.1; 1.9; 0; 2; 10
'SPG'; 'ESP'; 56.82771221; 67.68107372; 1.0; 1.0; 0; 3; 20
'SPG'; 'AMA'; 57.28870449; 70.36456009; 0.9; 1.7; 1; 3; 10
'SPG'; 'BIL'; 64.02028328; 65.95934815; 1.0; 1.1; 1; 1; 20
'SPG'; 'ALM'; 62.86451686; 63.51347517; 1.0; 1.2; 1; 3; 10
'SPG'; 'MAL'; 56.17881837; 64.38810713; 1.1; 1.7; 2; 1; 20
'SPG'; 'VAL'; 56.17881837; 65.74305328; 1.1; 0.9; 2; 1; 10
'SPG'; 'HUE'; 56.47828361; 57.88162404; 1.0; 0.7; 2; 1; 20
'SPG'; 'BAR'; 64.94889959; 75.61138114; 1.1; 2.1; 0; 3; 10
'SPG'; 'ALM'; 65.0086639; 64.72879102; 1.1; 0.9; 1; 0; 20
'SPG'; 'VAL'; 64.43466302; 70.62865593; 1.0; 1.3; 2; 2; 10
'SPG'; 'ZAR'; 64.5033796; 67.48644849; 1.2; 1.0; 1; 1; 20
'SPG'; 'OSA'; 57.06240642; 67.15172118; 1.3; 0.8; 0; 1; 10
'SPG'; 'MAL'; 64.54526908; 66.57856935; 1.2; 1.4; 4; 1; 20
'SPG'; 'BIL'; 65.11926996; 67.63001915; 1.5; 0.9; 2; 1; 10
'SPG'; 'REA'; 65.11926996; 73.83590101; 1.6; 2.5; 0; 0; 20
'SPG'; 'COR'; 65.11926996; 66.75352256; 1.4; 1.2; 1; 1; 10
'SPG'; 'ESP'; 64.81980472; 66.11616386; 1.3; 1.1; 1; 0; 20
'SPG'; 'XER'; 63.82595229; 56.59220572; 1.2; 0.3; 0; 0; 10
'SPG'; 'VIL'; 65.11926996; 70.94747170000001; 1.2; 1.6; 1; 0; 20
'SPG'; 'TEN'; 65.11926996; 61.46858289; 1.2; 0.9; 1; 2; 10
'SPG'; 'SEV'; 59.00332589999999; 69.70774246; 1.1; 1.8; 0; 1; 20
'SPG'; 'VAL'; 65.12150772; 66.30652844; 1.0; 1.7; 1; 2; 10
'SPG'; 'MAL'; 64.46028091; 63.93593264; 1.1; 1.8; 2; 2; 20
'SPG'; 'GET'; 64.71706408; 67.09537338; 0.9; 1.7; 1; 0; 20
'SPG'; 'AMA'; 64.93495623; 70.64799288; 0.8; 1.8; 2; 3; 10
'SPG'; 'SAN'; 65.07738048; 64.51159485; 1.0; 1.2; 0; 1; 20
'SPG'; 'BAR'; 63.96286692; 75.92206701; 0.9; 2.5; 0; 1; 20
'SPG'; 'ALM'; 57.09231659; 64.88788193; 0.8; 0.9; 1; 3; 10
'SPG'; 'VAL'; 64.61980472; 70.44648640000001; 0.9; 1.2; 1; 1; 20
'SPG'; 'ZAR'; 65.04837615; 66.52471237; 0.9; 1.1; 3; 1; 10
'SPG'; 'OSA'; 64.7029216; 67.38158861; 1.1; 0.8; 3; 2; 20
'SPG'; 'MAL'; 63.52124946; 67.02321947; 1.4; 1.4; 0; 3; 10
'SPG'; 'BIL'; 64.47851189; 67.76738676; 1.3; 1.3; 0; 0; 20
'SPG'; 'REA'; 65.07738048; 74.42901814; 1.1; 3.1; 1; 3; 10
'SPG'; 'COR'; 65.42507278; 65.57493372; 1.1; 1.0; 2; 1; 20
'SPG'; 'ESP'; 64.58579798; 66.68117582; 1.1; 0.9; 0; 0; 10
'SPG'; 'XER'; 65.07738048; 57.33923445; 1.1; 1.6; 2; 2; 20
'SPG'; 'VIL'; 63.70218912; 70.90663866; 1.3; 1.4; 0; 1; 10
'SPG'; 'TEN'; 64.5033796; 55.85005132; 1.2; 1.2; 0; 2; 20
'SPG'; 'SEV'; 57.14390068; 70.23560395; 1.1; 1.3; 0; 3; 10
'SPG'; 'VAL'; 64.7029216; 65.53435973; 0.8; 1.0; 0; 2; 20
'SPG'; 'MAL'; 64.48365864; 58.66687942; 0.5; 1.1; 1; 1; 10
'SPG'; 'GET'; 64.20667124; 66.84032287; 0.6; 2.1; 1; 1; 10
'SPG'; 'AMA'; 64.51815450000001; 62.19942165; 0.7; 1.7; 1; 1; 20
'SPG'; 'SAN'; 56.5614091; 64.46988173; 0.7; 1.3; 0; 2; 10
'SPG'; 'AMA'; 65.50975687; 70.77558297; 0.5; 1.5; 0; 4; 10
'SPG'; 'MAL'; 65.23930233; 65.83262664; 0.5; 1.1; 2; 0; 20
'SPG'; 'BIL'; 65.23930233; 67.97929152; 0.5; 1.1; 2; 2; 20
'SPG'; 'BAR'; 63.74562522; 75.27081444; 0.7; 2.6; 0; 1; 10
'SPG'; 'VAL'; 65.32793869; 69.82719332; 0.7; 1.4; 0; 2; 20
'SPG'; 'ZAR'; 65.39179261; 65.64172260000001; 0.7; 1.1; 2; 2; 10
'SPG'; 'SEV'; 65.05861170000001; 69.14139944; 0.9; 2.3; 2; 0; 20
'SPG'; 'GET'; 64.13217629; 66.30731757; 1.0; 1.7; 0; 3; 10
'SPG'; 'VIL'; 65.51199463; 71.00593747; 0.9; 2.1; 1; 1; 20
'SPG'; 'ALM'; 64.64733214; 65.39096646; 0.9; 0.9; 1; 1; 10
'SPG'; 'REA'; 65.09911585; 76.36807821; 1.0; 2.7; 0; 1; 20
'SPG'; 'OSA'; 64.4766739; 66.62598574; 1.0; 1.1; 0; 1; 10
'SPG'; 'SOC'; 64.74823865; 66.53992413; 0.8; 1.3; 1; 3; 20
'SPG'; 'ESP'; 64.31061239; 67.25826593; 0.7; 1.1; 0; 1; 10
'SPG'; 'LEV'; 64.96755019; 64.01211967; 0.7; 1.2; 1; 1; 20
'SPG'; 'COR'; 64.7536613; 66.64930002; 0.8; 1.0; 1; 1; 10
'SPG'; 'MAL'; 65.48537126; 65.07333302; 0.7; 1.0; 1; 2; 20
'SPG'; 'SAN'; 64.00908067; 64.25441831; 0.6; 0.9; 1; 1; 10
'SPG'; 'HER'; 65.09793238; 57.23152958; 0.7; 1.4; 2; 0; 20
'SPG'; 'AMA'; 65.09793238; 69.96435303; 0.8; 1.8; 1; 0; 20
'SPG'; 'MAL'; 65.09793238; 64.29490033; 0.8; 1.5; 4; 0; 10
'SPG'; 'BIL'; 65.09793238; 68.03029649999999; 1.2; 1.5; 0; 3; 10
'SPG'; 'BAR'; 64.48323883; 76.48525111; 1.2; 3.7; 1; 1; 20
'SPG'; 'VAL'; 65.30571753; 70.13370081; 1.2; 1.9; 0; 0; 10
'SPG'; 'ZAR'; 65.30795529; 64.80997508; 1.2; 0.9; 0; 0; 20
'SPG'; 'SEV'; 63.50697582; 69.80200034; 1.1; 1.7; 0; 3; 10
'SPG'; 'GET'; 65.46771343; 66.64769026; 1.0; 1.0; 2; 0; 20
'SPG'; 'VIL'; 64.9783687; 70.60715292; 1.1; 1.4; 1; 1; 10
'SPG'; 'ALM'; 65.4943368; 65.36745337; 1.1; 1.4; 1; 0; 20
'SPG'; 'REA'; 64.91239901; 74.26155856; 1.0; 2.2; 1; 0; 10
'SPG'; 'OSA'; 64.91463677; 65.96912075; 1.0; 1.7; 1; 0; 20
'SPG'; 'SOC'; 65.49107217; 65.89433081; 0.7; 0.8; 1; 2; 10
'SPG'; 'ESP'; 65.33457867; 66.04815841; 0.8; 1.0; 1; 0; 20
'SPG'; 'LEV'; 64.70256872; 66.22164698; 0.8; 1.3; 0; 0; 10
'SPG'; 'COR'; 65.04120508; 67.21585561; 0.8; 0.6; 2; 2; 20
'SPG'; 'MAL'; 63.4334358; 67.69029928; 1.0; 1.6; 0; 2; 10
'SPG'; 'SAN'; 64.64817389; 57.06034135; 1.0; 1.5; 2; 1; 20
'SPG'; 'HER'; 61.25069865; 63.39346093; 1.0; 1.1; 0; 0; 10
'SPG'; 'SOC'; 64.13777684; 66.71930113; 0.9; 1.1; 1; 2; 20
'SPG'; 'OSA'; 64.50708265; 63.9703411; 0.9; 1.1; 1; 2; 10
'SPG'; 'VAL'; 64.42409191; 69.62013478; 0.9; 2.3; 0; 1; 20
'SPG'; 'AMA'; 64.23839446; 70.75980890000001; 0.8; 1.8; 0; 4; 10
'SPG'; 'SAN'; 64.72401517; 65.04598184; 0.7; 1.3; 0; 0; 20
'SPG'; 'BAR'; 65.26467173; 75.33735918; 0.6; 2.9; 0; 1; 20
'SPG'; 'SEV'; 65.26467173; 69.75610339; 0.6; 1.6; 1; 2; 10
'SPG'; 'GRA'; 65.26467173; 64.60620686; 0.5; 0.28571428600000004; 2; 0; 20
'SPG'; 'MAL'; 65.26467173; 64.83837338; 0.7; 1.0; 2; 1; 10
'SPG'; 'BIL'; 65.25916934; 68.89880577; 0.7; 1.6; 1; 1; 20
'SPG'; 'ZAR'; 65.27620242; 65.02746268; 0.8; 1.0; 2; 2; 10
'SPG'; 'GET'; 65.28170481; 66.57363068; 0.9; 1.1; 2; 1; 20
'SPG'; 'LEV'; 65.26467173; 66.32809722; 1.0; 1.8; 0; 4; 10
'SPG'; 'REA'; 65.22699501; 75.6581215; 1.0; 3.6; 0; 3; 20
'SPG'; 'RAY'; 64.79367005; 64.21904456; 1.0; 1.1; 3; 1; 10
'SPG'; 'ESP'; 64.59697161; 65.79179818; 1.3; 1.0; 1; 2; 20
'SPG'; 'BET'; 64.92603537; 65.37788152; 1.4; 0.8; 0; 2; 10
'SPG'; 'MAL'; 64.66839817; 70.16083938; 1.3; 0.9; 2; 1; 20
'SPG'; 'VIL'; 64.8576892; 68.49569192; 1.3; 0.8; 0; 3; 10
'SPG'; 'SOC'; 65.09630316; 67.17031094; 1.1; 0.8; 1; 5; 10
'SPG'; 'OSA'; 65.29013965; 65.52679621; 1.1; 0.9; 1; 1; 20
'SPG'; 'VAL'; 65.28463725; 70.09032826; 1.0; 1.4; 0; 4; 10
'SPG'; 'AMA'; 64.28461875; 71.4350249; 0.8; 1.4; 1; 1; 20
'SPG'; 'SAN'; 64.42293044; 65.62749453; 0.9; 0.9; 1; 1; 10
'SPG'; 'BAR'; 64.28994689; 74.96196172; 1.0; 2.8; 1; 3; 10
'SPG'; 'SEV'; 63.14087872; 69.74118449; 0.8; 1.1; 1; 0; 20
'SPG'; 'GRA'; 63.27324404; 65.23193826; 0.8; 1.2; 1; 2; 10
'SPG'; 'MAL'; 63.25506222; 65.05182519; 0.9; 1.9; 2; 3; 20
'SPG'; 'BIL'; 63.36659358; 69.90765; 0.9; 1.7; 1; 1; 10
'SPG'; 'ZAR'; 64.32373101; 64.36531014; 1.0; 1.1; 1; 2; 20
'SPG'; 'GET'; 64.17780305; 67.03358739; 1.0; 0.9; 0; 2; 10
'SPG'; 'LEV'; 64.21633673; 66.26882203; 0.9; 1.7; 3; 2; 20
'SPG'; 'REA'; 64.34053117; 75.23704985; 1.2; 2.9; 1; 3; 10
'SPG'; 'RAY'; 64.4242586; 63.79844577; 1.2; 1.7; 2; 1; 20
'SPG'; 'ESP'; 65.11516769; 66.29252064; 1.3; 1.7; 3; 0; 10
'SPG'; 'VIL'; 64.47627879999999; 68.08390974; 1.5; 1.0; 2; 3; 20
'SPG'; 'BET'; 63.00960116; 64.75516124; 1.6; 1.3; 2; 1; 20
'SPG'; 'MAL'; 64.28125161; 70.97828432; 1.7; 1.2; 0; 1; 10
'SPG'; 'REA'; 62.51125583; 74.16517691; 1.5; 4.0; 0; 0; 20
'SPG'; 'SOC'; 62.51125583; 66.80610465; 1.4; 1.0; 0; 0; 10
'SPG'; 'VAL'; 62.85927006; 67.98330813; 1.3; 1.8; 0; 1; 20
'SPG'; 'COR'; 62.62840216; 65.34423121; 1.3; 1.0; 3; 2; 10
'SPG'; 'RAY'; 55.73677375; 64.82782197; 1.3; 1.0; 1; 2; 10
'SPG'; 'BET'; 62.09248456; 63.58942491; 1.3; 1.1; 1; 2; 20
'SPG'; 'ESP'; 62.7683815; 61.73877115; 1.2; 1.2; 2; 1; 10
'SPG'; 'GRA'; 62.7683815; 63.59261032; 1.1; 1.0; 3; 3; 20
'SPG'; 'BIL'; 62.84010785; 67.94730641; 1.2; 1.7; 0; 3; 10
'SPG'; 'MAL'; 62.85927006; 65.09753983; 1.0; 0.7; 1; 0; 20
'SPG'; 'AMA'; 62.38612957; 70.64339770000001; 1.1; 1.5; 0; 1; 10
'SPG'; 'LEV'; 63.38754371; 63.33450474; 1.1; 0.6; 0; 3; 20
'SPG'; 'CEL'; 63.15779376; 64.15334644; 1.1; 1.7; 1; 2; 10
'SPG'; 'LAS'; 62.61065571; 62.90688025; 1.2; 0.7; 3; 1; 20
'SPG'; 'SEV'; 62.61065571; 66.61743463; 1.2; 1.7; 0; 2; 10
'SPG'; 'EIB'; 55.361849600000006; 62.37279596; 1.1; 1.1; 0; 2; 10
'SPG'; 'GET'; 62.51756131; 66.11314702; 1.0; 1.2; 1; 2; 20
'SPG'; 'VIL'; 62.75839770000001; 66.84050079; 0.9; 1.1; 0; 2; 10
'SPG'; 'REA'; 62.56013162; 73.09991876; 0.6; 3.1; 1; 5; 10
'SPG'; 'SOC'; 55.615312800000005; 64.99028356; 0.7; 1.1; 5; 1; 20
'SPG'; 'VAL'; 55.01135657; 67.10634909; 1.1; 1.0; 1; 0; 10
'SPG'; 'COR'; 55.01135657; 65.41506038; 1.2; 1.2; 1; 1; 20
'SPG'; 'RAY'; 55.01135657; 61.78146863; 1.3; 1.6; 2; 2; 20
'SPG'; 'BAR'; 62.26610269; 73.57465725; 1.4; 2.9; 1; 3; 20
'SPG'; 'BET'; 55.08964646; 63.48364571; 1.2; 0.5; 1; 1; 10
'SPG'; 'ESP'; 55.6985652; 62.361424; 1.3; 0.7; 2; 4; 20
'SPG'; 'GRA'; 61.6237588; 62.81111729; 1.5; 1.0; 0; 2; 10
'SPG'; 'BIL'; 55.78347778; 68.66185186; 1.4; 1.7; 0; 2; 20
'SPG'; 'MAL'; 61.6102623; 64.78269744; 1.4; 1.4; 0; 1; 10
'SPG'; 'AMA'; 62.27023263; 67.66297943; 1.3; 1.8; 2; 1; 20
'SPG'; 'LEV'; 62.40441537; 63.49126954; 1.0; 1.1; 0; 0; 10
'SPG'; 'CEL'; 61.85727732; 64.06784931; 0.9; 1.2; 0; 1; 20
'SPG'; 'LAS'; 61.41455081; 61.72864082; 0.8; 1.4; 1; 1; 10
'SPG'; 'SEV'; 63.04153658; 67.25343697; 0.7; 1.4; 2; 1; 20
'SPG'; 'BAR'; 55.10255969; 74.67154462; 0.8; 3.1; 0; 6; 10
'SPG'; 'EIB'; 63.04153658; 62.77418803; 0.7; 0.6; 2; 0; 20
'SPG'; 'GET'; 63.04153658; 65.04165942; 0.7; 0.9; 1; 1; 10
'SPG'; 'VIL'; 55.5222184; 64.29397406; 0.8; 1.1; 2; 0; 20
