'COR'; 'REA'; 67.03553027; 75.07582416; 0.0; 0.0; 2; 1; 20
'COR'; 'VIL'; 65.95616596; 63.31762764; 2.0; 1.0; 0; 1; 10
'COR'; 'MAL'; 66.85739174; 67.00525961; 1.0; 0.333333333; 0; 0; 20
'COR'; 'OSA'; 66.45131239999999; 66.78838471; 0.666666667; 0.666666667; 0; 0; 10
'COR'; 'VAL'; 67.04700213; 70.90135681; 0.5; 1.285714286; 2; 4; 10
'COR'; 'NUM'; 67.28963311; 49.89383819; 0.8; 1.0; 1; 0; 20
'COR'; 'SAN'; 66.52034358; 65.81854914; 0.833333333; 0.666666667; 0; 0; 10
'COR'; 'SPG'; 67.10002272; 63.24822122; 0.7142857140000001; 1.428571429; 0; 3; 20
'COR'; 'BET'; 68.13015084; 64.30659606; 0.625; 1.125; 3; 0; 10
'COR'; 'ESP'; 67.98794304; 59.5117808; 0.8888888890000001; 0.7777777779999999; 1; 0; 20
'COR'; 'AMA'; 67.39843636; 70.20461431; 0.9; 1.9; 1; 4; 10
'COR'; 'BIL'; 67.06871019; 67.91988969; 0.8; 1.1; 3; 1; 20
'COR'; 'ALM'; 67.80980452; 58.74808394; 1.1; 0.9; 1; 0; 10
'COR'; 'MAL'; 68.13015084; 64.28944191; 1.2; 1.9; 2; 0; 20
'COR'; 'VAL'; 68.13015084; 66.56306102; 1.4; 2.0; 0; 3; 10
'COR'; 'HUE'; 67.98794304; 64.72587503; 1.2; 0.8; 4; 1; 20
'COR'; 'GET'; 67.98794304; 67.96383899; 1.5; 1.6; 2; 1; 10
'COR'; 'SEV'; 67.98794304; 67.56757698; 1.7; 1.1; 1; 3; 20
'COR'; 'BAR'; 67.35642789; 76.71282622; 1.8; 3.0; 0; 5; 10
'COR'; 'REA'; 67.08747484; 75.37028829; 1.5; 1.7; 0; 1; 10
'COR'; 'VIL'; 67.35208523; 63.24917535; 1.4; 1.4; 3; 0; 20
'COR'; 'MAL'; 66.79617609; 66.77828736; 1.6; 1.4; 1; 1; 10
'COR'; 'OSA'; 67.86944935; 60.56281616; 1.4; 1.7; 0; 0; 20
'COR'; 'VAL'; 66.45841571; 71.59797722; 1.3; 1.5; 1; 1; 20
'COR'; 'NUM'; 66.30682806; 56.33914123; 1.2; 0.9; 1; 0; 10
'COR'; 'SAN'; 66.63655423; 65.36172601; 1.3; 0.9; 5; 3; 20
'COR'; 'SPG'; 68.20295279; 56.62461228; 1.4; 0.8; 2; 3; 10
'COR'; 'BET'; 68.20295279; 65.46592675; 1.4; 1.6; 1; 1; 20
'COR'; 'ESP'; 67.93755824; 67.94722205; 1.4; 0.8; 1; 3; 10
'COR'; 'AMA'; 67.86022027; 70.18490641; 1.5; 1.6; 1; 2; 20
'COR'; 'BIL'; 67.10301683; 67.79410105; 1.6; 1.2; 1; 0; 10
'COR'; 'ALM'; 67.27374795; 64.70675028; 1.4; 1.4; 2; 0; 20
'COR'; 'MAL'; 66.56713638; 63.67386189; 1.5; 1.5; 1; 1; 10
'COR'; 'VAL'; 66.56713638; 65.93190654; 1.6; 1.4; 1; 0; 20
'COR'; 'HUE'; 67.21773325; 64.67908016; 1.6; 1.1; 2; 1; 10
'COR'; 'GET'; 67.98794304; 68.10856709; 1.7; 1.2; 1; 1; 20
'COR'; 'SEV'; 67.21773325; 70.65315723; 1.3; 1.5; 0; 1; 10
'COR'; 'BAR'; 67.16814648; 65.57095126; 1.1; 2.6; 1; 1; 20
'COR'; 'REA'; 67.44979631; 75.12610068; 1.1; 1.7; 2; 3; 10
'COR'; 'MAL'; 67.44979631; 65.49749626; 1.2; 1.6; 1; 0; 20
'COR'; 'ESP'; 68.27373044; 67.0340586; 1.2; 1.8; 2; 3; 20
'COR'; 'XER'; 67.2857817; 61.59736173; 1.3; 0.0; 3; 0; 10
'COR'; 'VIL'; 67.2857817; 70.04548218; 1.4; 1.8; 1; 0; 20
'COR'; 'TEN'; 66.71381782; 61.60419319; 1.4; 0.6; 1; 0; 10
'COR'; 'SEV'; 65.98684846; 69.56414883; 1.4; 2.0; 1; 0; 20
'COR'; 'VAL'; 67.37815599; 64.99361924; 1.3; 1.3; 0; 4; 10
'COR'; 'SPG'; 66.75352256; 65.11926996; 1.2; 1.4; 1; 1; 20
'COR'; 'GET'; 67.28079528; 67.07042409; 1.3; 1.3; 2; 0; 10
'COR'; 'AMA'; 67.77220943; 68.49486318; 1.4; 1.2; 2; 1; 20
'COR'; 'SAN'; 66.35566159; 66.11979856; 1.4; 0.9; 1; 0; 10
'COR'; 'BAR'; 67.28079528; 77.69976205; 1.4; 2.2; 1; 3; 20
'COR'; 'ALM'; 66.5147525; 65.32321833; 1.3; 1.3; 1; 1; 10
'COR'; 'VAL'; 67.41054735; 70.1135972; 1.1; 1.9; 0; 0; 20
'COR'; 'ZAR'; 67.55600190000001; 59.87901245; 1.0; 1.0; 0; 0; 10
'COR'; 'OSA'; 66.55422186; 67.51577426; 0.9; 0.8; 1; 0; 20
'COR'; 'MAL'; 66.04878514; 66.86967597; 0.9; 1.5; 0; 2; 10
'COR'; 'BIL'; 66.34160039; 69.52760432; 0.9; 1.5; 3; 1; 20
'COR'; 'REA'; 65.73611296; 74.83020868; 1.1; 2.1; 1; 3; 20
'COR'; 'MAL'; 65.7037216; 57.51386114; 1.0; 1.2; 0; 0; 10
'COR'; 'ESP'; 65.55643139; 67.45243981; 0.8; 0.6; 0; 2; 10
'COR'; 'XER'; 66.67377453; 61.73636364; 0.7; 0.8; 2; 1; 20
'COR'; 'VIL'; 65.13433965; 69.8044314; 0.8; 1.5; 0; 1; 10
'COR'; 'TEN'; 65.5466461; 54.62186572; 0.7; 0.6; 3; 1; 20
'COR'; 'SEV'; 66.73175947; 70.2119161; 1.0; 1.2; 1; 1; 10
'COR'; 'VAL'; 65.64476659; 65.07812258; 1.1; 0.8; 0; 2; 20
'COR'; 'SPG'; 65.57493372; 65.42507278; 1.0; 1.1; 1; 2; 10
'COR'; 'GET'; 64.14963672; 59.87780183; 1.1; 1.2; 1; 3; 20
'COR'; 'AMA'; 66.58630493; 70.95536436; 0.9; 1.4; 0; 3; 10
'COR'; 'SAN'; 60.14313915; 64.84471174; 0.8; 0.7; 1; 1; 20
'COR'; 'BAR'; 64.93287041; 74.83701941; 0.9; 2.5; 0; 3; 10
'COR'; 'ALM'; 59.16761738; 65.32941249; 0.9; 1.0; 0; 0; 20
'COR'; 'VAL'; 64.48078251; 70.95378936; 0.7; 0.9; 0; 1; 10
'COR'; 'ZAR'; 57.53821931; 67.007317; 0.7; 1.0; 0; 1; 20
'COR'; 'OSA'; 64.56127946; 67.92754266; 0.4; 0.8; 1; 3; 10
'COR'; 'MAL'; 59.16646845; 66.37437294; 0.4; 1.3; 1; 0; 20
'COR'; 'BIL'; 65.41579833; 54.51603783; 0.5; 1.2; 0; 2; 10
'COR'; 'ZAR'; 65.77552251; 65.68916931; 0.4; 1.4; 0; 0; 20
'COR'; 'SEV'; 65.00997999; 71.09072902; 0.3; 2.9; 0; 0; 10
'COR'; 'GET'; 65.34764233; 66.49112316; 0.3; 2.1; 2; 2; 20
'COR'; 'VIL'; 64.64106323; 70.82817664; 0.4; 1.8; 0; 1; 10
'COR'; 'ALM'; 65.14232649; 65.39096646; 0.4; 1.1; 0; 2; 20
'COR'; 'REA'; 65.01568934; 76.36807821; 0.4; 2.1; 1; 6; 10
'COR'; 'OSA'; 64.50289584; 66.51528717; 0.5; 1.1; 0; 0; 20
'COR'; 'SOC'; 63.94308309; 66.60025471; 0.5; 1.0; 0; 3; 10
'COR'; 'ESP'; 65.82132043; 66.84718701; 0.4; 1.0; 3; 0; 20
'COR'; 'LEV'; 65.40210523; 64.46745611; 0.6; 1.0; 2; 1; 10
'COR'; 'MAL'; 65.40210523; 58.74504723; 0.8; 1.0; 0; 0; 10
'COR'; 'MAL'; 65.3420403; 64.43564663; 0.8; 1.0; 3; 0; 20
'COR'; 'SAN'; 64.51810617; 65.31537571; 1.1; 1.0; 0; 1; 10
'COR'; 'HER'; 64.45972288; 58.03494469; 0.9; 1.1; 1; 0; 20
'COR'; 'AMA'; 64.48374886; 71.63070959; 1.0; 1.4; 0; 2; 10
'COR'; 'SPG'; 66.64930002; 64.7536613; 1.0; 0.8; 1; 1; 20
'COR'; 'BIL'; 66.31758142; 66.55143647; 1.0; 1.6; 2; 1; 10
'COR'; 'BAR'; 64.95187372; 75.7334791; 1.2; 4.1; 0; 4; 20
'COR'; 'VAL'; 65.83165069; 69.58208081; 1.2; 1.4; 0; 2; 10
'COR'; 'ZAR'; 65.99398835; 64.95488885; 0.9; 1.0; 0; 1; 10
'COR'; 'SEV'; 65.71772538; 69.50771812; 0.7; 1.4; 3; 3; 20
'COR'; 'GET'; 66.04131845; 66.39246996; 1.0; 1.4; 1; 4; 10
'COR'; 'VIL'; 65.88113057; 69.55840352; 0.8; 1.8; 1; 0; 20
'COR'; 'ALM'; 66.0007135; 66.01081973; 0.9; 1.4; 1; 1; 10
'COR'; 'REA'; 66.77416368; 76.29977120000001; 0.9; 2.0; 0; 0; 20
'COR'; 'OSA'; 66.67351433; 66.25839378; 0.9; 1.1; 0; 0; 10
'COR'; 'SOC'; 65.57599367; 66.31753034; 0.8; 1.5; 2; 1; 20
'COR'; 'ESP'; 64.28417158; 65.96739007; 0.8; 1.6; 0; 2; 10
'COR'; 'LEV'; 66.86170577; 66.28163962; 0.8; 1.0; 0; 1; 20
'COR'; 'MAL'; 66.20227381; 63.83523583; 0.8; 1.3; 2; 1; 20
'COR'; 'MAL'; 66.89409713; 66.66110023; 1.0; 1.1; 0; 0; 10
'COR'; 'SAN'; 66.45369309; 64.77190377; 0.7; 1.5; 2; 0; 20
'COR'; 'HER'; 66.9636498; 63.48559959; 0.8; 0.7; 0; 1; 10
'COR'; 'AMA'; 66.86613582; 72.10850179; 0.7; 2.2; 0; 1; 20
'COR'; 'SPG'; 67.21585561; 65.04120508; 0.6; 0.8; 2; 2; 10
'COR'; 'BIL'; 67.68323273; 68.78287366; 0.8; 1.6; 2; 1; 20
'COR'; 'BAR'; 66.62915167; 70.79367951; 1.0; 1.5; 0; 0; 10
'COR'; 'VAL'; 67.68323273; 69.80370416; 0.8; 2.0; 0; 2; 20
'COR'; 'OSA'; 66.25631579; 65.20053623; 0.8; 1.2; 2; 0; 20
'COR'; 'VAL'; 66.25631579; 70.38894076; 1.0; 1.5; 3; 3; 10
'COR'; 'GET'; 66.25631579; 67.59396676; 1.1; 1.2; 1; 1; 20
'COR'; 'GRA'; 66.07036538; 65.9498851; 1.2; 0.8; 1; 1; 10
'COR'; 'SEV'; 66.25631579; 69.67500154; 1.1; 1.3; 0; 2; 20
'COR'; 'REA'; 65.86962593; 76.01563459999998; 1.1; 2.1; 1; 5; 10
'COR'; 'RAY'; 66.37496722; 65.60002836; 1.2; 1.0; 1; 2; 10
'COR'; 'BAR'; 66.48594320000001; 74.66417005; 1.1; 2.9; 4; 5; 20
'COR'; 'CEL'; 66.34633281; 64.8188653; 1.3; 1.125; 1; 1; 10
'COR'; 'MAL'; 66.34633281; 65.17409753; 1.4; 1.3; 1; 0; 20
'COR'; 'ZAR'; 65.66466594; 65.28389035; 1.5; 0.9; 3; 5; 10
'COR'; 'LEV'; 66.22755518; 66.49420565; 1.6; 1.2; 0; 2; 20
'COR'; 'BIL'; 65.0877756; 69.24661104; 1.3; 1.4; 1; 1; 10
'COR'; 'BET'; 65.41732105; 66.35188867; 1.3; 1.3; 2; 3; 20
'COR'; 'AMA'; 65.10173321; 71.99610612; 1.4; 1.8; 0; 6; 10
'COR'; 'VAL'; 65.72963229; 65.17233506; 1.4; 1.2; 0; 0; 20
'COR'; 'ESP'; 65.21539772; 67.03896551; 1.3; 1.0; 0; 2; 10
'COR'; 'MAL'; 65.7923532; 69.63355013; 1.2; 1.6; 1; 0; 20
'COR'; 'SOC'; 65.52714472; 67.58015436; 0.9; 1.9; 1; 1; 10
'COR'; 'OSA'; 65.92451501; 64.79294382; 0.9; 0.6; 1; 2; 10
'COR'; 'VAL'; 65.92451501; 70.54987679; 0.9; 1.6; 2; 3; 20
'COR'; 'GET'; 64.98085768; 66.83255768; 0.8; 1.3; 1; 3; 10
'COR'; 'GRA'; 66.19140197; 65.78795575; 0.9; 0.8; 0; 3; 20
'COR'; 'SEV'; 65.82097273; 69.39671211; 0.8; 1.2; 1; 3; 10
'COR'; 'REA'; 66.98243443; 73.62995705; 0.7; 2.6; 1; 2; 20
'COR'; 'RAY'; 67.39759821; 65.99471066; 0.8; 1.6; 0; 0; 20
'COR'; 'BAR'; 66.33127779; 73.52591722; 0.8; 2.9; 0; 2; 10
'COR'; 'CEL'; 66.72160413; 64.48295838; 0.8; 1.0; 3; 1; 20
'COR'; 'MAL'; 66.72160413; 66.28875625; 1.0; 1.1; 3; 2; 10
'COR'; 'ZAR'; 66.72160413; 64.77189729; 1.2; 0.5; 3; 2; 20
'COR'; 'LEV'; 66.72160413; 66.77712845; 1.4; 1.1; 4; 0; 10
'COR'; 'BIL'; 65.61427812; 68.83480368; 1.6; 0.7; 1; 1; 20
'COR'; 'BET'; 65.95843396; 66.49647599; 1.6; 1.7; 1; 1; 10
'COR'; 'AMA'; 65.55635192; 71.12656147; 1.7; 1.4; 0; 0; 20
'COR'; 'VAL'; 66.0294419; 64.91013810000001; 1.6; 2.4; 0; 1; 10
'COR'; 'ESP'; 66.37359775; 64.95326224; 1.5; 1.2; 2; 0; 20
'COR'; 'MAL'; 66.26352264; 70.26349236; 1.7; 1.1; 1; 3; 10
'COR'; 'SOC'; 66.37359775; 68.34916003; 1.8; 2.4; 0; 1; 20
'COR'; 'GRA'; 64.56679508; 62.013065100000006; 1.5; 0.5; 1; 2; 10
'COR'; 'REA'; 60.77001645; 75.54081177; 1.3; 2.7; 0; 2; 10
'COR'; 'CEL'; 61.34519127; 64.74988428; 1.0; 1.9; 1; 1; 20
'COR'; 'RAY'; 64.79037190000001; 64.23716925; 0.7; 1.3; 2; 2; 20
'COR'; 'ALM'; 61.38022895; 62.07767928; 0.8; 1.1; 1; 1; 10
'COR'; 'EIB'; 65.09159437; 62.34675392; 0.8; 1.0; 1; 0; 10
'COR'; 'REA'; 65.09259464; 75.04770736; 0.9; 2.3; 2; 8; 20
'COR'; 'SEV'; 61.53522660000001; 66.59418219; 1.1; 1.9; 1; 3; 20
'COR'; 'CEL'; 65.12243853; 64.53487118; 1.0; 2.3; 1; 2; 10
'COR'; 'VAL'; 61.03858621; 68.09821625; 1.0; 1.8; 0; 3; 10
'COR'; 'ESP'; 61.10878829999999; 64.85958751; 1.0; 1.1; 0; 0; 20
'COR'; 'ALM'; 65.12243853; 61.15014304; 0.9; 1.3; 0; 1; 20
'COR'; 'GET'; 60.93851413; 64.89639715; 0.9; 0.9; 1; 1; 10
'COR'; 'SEV'; 65.05274156; 67.94632163; 0.9; 1.3; 1; 4; 10
'COR'; 'MAL'; 60.846037; 66.01737935; 0.8; 0.7; 1; 2; 20
'COR'; 'VAL'; 64.52363502; 66.57427695; 0.8; 2.2; 3; 0; 20
'COR'; 'SOC'; 60.30923429; 65.64615331; 1.0; 1.1; 1; 1; 20
'COR'; 'ESP'; 64.52363502; 64.69222126; 0.9; 1.1; 0; 0; 10
'COR'; 'GET'; 64.11813263; 63.52686303; 0.8; 0.8; 1; 2; 20
'COR'; 'AMA'; 61.88313728; 71.36877170000001; 0.8; 1.6; 2; 4; 10
'COR'; 'COR'; 61.65033391; 64.70238489; 1.0; 1.0; 0; 0; 20
'COR'; 'COR'; 64.70238489; 61.65033391; 1.0; 1.0; 0; 0; 10
'COR'; 'SOC'; 64.9188671; 66.55354018; 1.0; 1.2; 0; 0; 20
'COR'; 'ELC'; 61.38290569; 64.33500500000001; 1.0; 1.0; 2; 2; 10
'COR'; 'AMA'; 64.42163190000001; 70.88847555; 1.1; 2.1; 0; 2; 10
'COR'; 'VIL'; 60.80285364; 67.15451868; 1.0; 1.5; 0; 2; 20
'COR'; 'MAL'; 64.4514758; 65.70217336; 0.9; 1.5; 0; 1; 20
'COR'; 'BIL'; 60.37538935; 67.64949139; 0.6; 0.9; 1; 0; 10
'COR'; 'LEV'; 61.030733999999995; 65.65833994; 0.6; 1.1; 0; 0; 20
'COR'; 'ELC'; 65.02417013; 63.63967508; 0.6; 0.8; 1; 0; 20
'COR'; 'BAR'; 60.68244079; 74.33000948; 0.6; 2.5; 0; 5; 10
'COR'; 'VIL'; 64.84983668; 67.69897009; 0.4; 1.7; 0; 3; 10
'COR'; 'BIL'; 64.34315872; 67.65823269; 0.4; 1.0; 1; 0; 20
'COR'; 'GRA'; 60.55820068; 63.40789586; 0.5; 0.6; 2; 0; 20
'COR'; 'LEV'; 64.90950071; 65.81018345; 0.5; 0.9; 0; 0; 10
'COR'; 'RAY'; 61.42096727; 57.21052951; 0.5; 0.9; 1; 0; 10
'COR'; 'EIB'; 61.4073309; 63.13802369; 0.6; 1.5; 1; 1; 20
'COR'; 'BAR'; 65.08250347; 75.77106616; 0.7; 2.2; 0; 4; 20
'COR'; 'REA'; 61.68504926; 74.46649476; 0.6; 3.2; 1; 2; 20
'COR'; 'GRA'; 65.24682128; 63.84911763; 0.7; 0.5; 2; 2; 20
'COR'; 'RAY'; 65.45369774; 66.34695128; 0.8; 0.8; 2; 1; 10
'COR'; 'CEL'; 62.07370858; 64.02913058; 1.0; 0.2; 0; 1; 10
'COR'; 'EIB'; 65.0138709; 63.27382545; 1.0; 1.2; 2; 0; 20
'COR'; 'ALM'; 62.37926414; 62.07437665; 1.1; 0.9; 1; 2; 20
'COR'; 'SEV'; 62.72530638; 67.92050693; 1.0; 1.7; 0; 3; 10
'COR'; 'REA'; 65.25494834; 72.39157873; 1.0; 2.4; 0; 2; 10
'COR'; 'VAL'; 61.58983355; 67.40909325; 0.9; 1.7; 1; 2; 20
'COR'; 'CEL'; 65.45369774; 64.58860458; 0.9; 0.6; 0; 2; 20
'COR'; 'ESP'; 61.78622973; 64.84755601; 0.9; 1.6; 0; 1; 10
'COR'; 'ALM'; 64.80899093; 62.61656779; 0.8; 1.1; 0; 0; 10
'COR'; 'SEV'; 64.85920738; 66.53438495; 0.6; 1.7; 3; 4; 20
'COR'; 'GET'; 60.89059202; 66.58532746; 0.7; 1.1; 1; 2; 20
'COR'; 'VAL'; 65.45369774; 68.83973535; 0.8; 1.7; 0; 2; 10
'COR'; 'MAL'; 60.9541728; 65.21431862; 0.6; 0.9; 0; 2; 10
'COR'; 'SOC'; 61.40265393; 66.67856071; 0.5; 1.2; 1; 3; 10
'COR'; 'ESP'; 65.46657653; 63.96576876; 0.6; 1.1; 0; 0; 20
'COR'; 'AMA'; 61.72477994; 70.06352333; 0.6; 1.8; 0; 2; 20
'COR'; 'GET'; 64.74005154; 65.56638807; 0.5; 1.0; 1; 2; 10
'COR'; 'COR'; 65.07903950000001; 62.24642245; 0.6; 0.6; 1; 1; 20
'COR'; 'COR'; 62.24642245; 65.07903950000001; 0.6; 0.6; 1; 1; 10
'COR'; 'SOC'; 65.46526267; 66.67856071; 0.7; 1.4; 2; 2; 10
'COR'; 'ELC'; 62.46278185; 63.82621838; 0.9; 0.6; 0; 2; 20
'COR'; 'AMA'; 65.1619189; 70.43357185; 0.6; 1.6; 1; 2; 20
'COR'; 'VIL'; 61.89904495; 66.56967614; 0.6; 0.9; 0; 0; 10
'COR'; 'BIL'; 62.41122558; 66.72483735; 0.6; 1.2; 0; 1; 20
'COR'; 'MAL'; 64.94568908; 65.32010717; 0.6; 1.0; 1; 1; 10
'COR'; 'LEV'; 61.44446877; 65.16102775; 0.6; 1.4; 0; 1; 10
'COR'; 'ELC'; 65.45521289; 63.88474483; 0.6; 0.6; 0; 4; 10
'COR'; 'VIL'; 65.37183146; 65.59139289; 0.6; 0.6; 1; 1; 20
'COR'; 'BAR'; 61.83621229; 75.77106616; 0.6; 3.0; 0; 8; 20
'COR'; 'BIL'; 65.37183146; 66.73281276; 0.5; 1.2; 1; 1; 10
'COR'; 'GRA'; 61.41580728; 64.73554476; 0.4; 0.8; 0; 2; 10
'COR'; 'LEV'; 65.34021091; 64.88427319; 0.4; 1.1; 2; 0; 20
'COR'; 'RAY'; 61.13680729; 64.99265021; 0.5; 1.3; 1; 2; 20
'COR'; 'BAR'; 65.00160773; 70.59523459; 0.6; 3.0; 2; 2; 10
'COR'; 'EIB'; 60.098239799999995; 62.56062198; 0.8; 0.5; 0; 3; 10
'COR'; 'SOC'; 66.06132352; 66.95449237; 0.7; 1.1; 0; 0; 20
'COR'; 'VAL'; 65.77485322; 64.82934998; 0.7; 1.8; 1; 1; 10
'COR'; 'RAY'; 65.34423121; 62.8821755; 0.8; 1.1; 3; 1; 10
'COR'; 'SPG'; 65.34423121; 62.62840216; 1.0; 1.3; 2; 3; 20
'COR'; 'BET'; 65.33441113; 67.03804443; 1.2; 1.0; 2; 1; 10
'COR'; 'ESP'; 65.98672795; 61.46017694; 1.3; 1.4; 3; 0; 20
'COR'; 'GRA'; 65.56241303; 63.70472588; 1.6; 1.1; 1; 1; 10
'COR'; 'BIL'; 65.61960583; 67.94730641; 1.5; 1.6; 2; 2; 20
'COR'; 'MAL'; 65.35235478; 65.76150808; 1.6; 0.6; 0; 2; 10
'COR'; 'AMA'; 66.21587596; 70.58976615; 1.4; 1.4; 1; 1; 20
'COR'; 'LEV'; 65.99251798; 63.18450474; 1.5; 0.6; 1; 1; 10
'COR'; 'CEL'; 65.72216460000001; 64.48978918; 1.6; 2.0; 2; 0; 20
'COR'; 'LAS'; 65.55757129999999; 62.20892513; 1.7; 1.0; 2; 0; 10
'COR'; 'SEV'; 65.05875707; 66.8901619; 1.6; 1.7; 1; 1; 20
'COR'; 'BAR'; 65.53082261; 75.77106616; 1.5; 2.6; 2; 2; 10
'COR'; 'EIB'; 64.91383696; 62.30624746; 1.5; 1.2; 2; 0; 20
'COR'; 'GET'; 65.17371839; 65.91637934; 1.4; 1.2; 0; 0; 10
'COR'; 'VIL'; 65.17371839; 66.35090761; 1.3; 1.0; 1; 2; 20
'COR'; 'REA'; 65.17371839; 74.41484699; 1.2; 2.9; 0; 5; 10
'COR'; 'SOC'; 65.03264949; 66.35009798; 1.2; 1.2; 1; 1; 10
'COR'; 'VAL'; 65.41506038; 64.75108868; 1.2; 1.4; 1; 1; 20
'COR'; 'RAY'; 64.88259284; 62.12870035; 1.2; 1.3; 2; 2; 20
'COR'; 'SPG'; 65.41506038; 55.01135657; 1.2; 1.2; 1; 1; 10
'COR'; 'BET'; 65.41506038; 64.82600069; 1.1; 0.4; 2; 2; 20
'COR'; 'ESP'; 64.9205366; 62.361424; 1.2; 0.6; 0; 1; 10
'COR'; 'GRA'; 65.34029647; 62.64328439; 1.0; 0.9; 0; 1; 20
'COR'; 'BIL'; 66.51155835; 67.38121945; 0.8; 1.4; 1; 4; 10
'COR'; 'MAL'; 65.47666011; 66.86525543; 0.9; 1.3; 3; 3; 20
'COR'; 'AMA'; 65.26660694; 69.92539517; 1.1; 1.7; 0; 3; 10
'COR'; 'LEV'; 65.58283463; 63.88699146; 1.1; 1.3; 2; 1; 20
'COR'; 'CEL'; 65.58514029999999; 64.16553828; 1.2; 1.1; 1; 1; 10
'COR'; 'LAS'; 66.08435838; 61.29420889; 1.2; 1.3; 1; 3; 20
'COR'; 'SEV'; 65.01614932; 67.34253471; 1.1; 1.4; 1; 1; 10
'COR'; 'BAR'; 64.60979383; 74.75261093; 1.1; 2.6; 0; 8; 20
'COR'; 'EIB'; 64.41988724; 61.75909189; 0.9; 0.7; 1; 1; 10
'COR'; 'GET'; 65.01630913; 63.94725382; 1.0; 0.7; 0; 2; 20
'COR'; 'VIL'; 64.67187286; 66.06981513; 1.0; 1.1; 2; 0; 10
'COR'; 'REA'; 65.74671654; 73.33863487; 1.1; 3.4; 0; 2; 20
