'BIL'; 'ALM'; 62.79861583; 65.13273818; 0.0; 0.0; 1; 3; 20
'BIL'; 'MAL'; 69.45102522; 64.57165108; 1.0; 0.0; 0; 0; 10
'BIL'; 'VAL'; 67.89222291; 64.94558881; 0.5; 1.25; 2; 0; 20
'BIL'; 'HUE'; 67.89222291; 58.69522083; 1.0; 0.333333333; 1; 1; 10
'BIL'; 'GET'; 67.20368367; 66.01207319; 1.0; 1.0; 0; 1; 20
'BIL'; 'SEV'; 68.77742105; 69.55763586; 0.8; 1.6; 0; 4; 10
'BIL'; 'BAR'; 67.35664183; 74.00076939; 0.666666667; 3.0; 0; 1; 20
'BIL'; 'REA'; 61.39560286; 73.44545879; 0.571428571; 2.857142857; 2; 3; 10
'BIL'; 'VIL'; 61.39560286; 71.04086164; 0.75; 1.625; 1; 4; 20
'BIL'; 'MAL'; 60.89168872; 66.69504001; 0.7777777779999999; 1.6; 3; 3; 10
'BIL'; 'OSA'; 67.23112706; 58.67257508; 1.0; 0.3; 2; 0; 20
'BIL'; 'COR'; 67.91988969; 67.06871019; 1.1; 0.8; 1; 3; 10
'BIL'; 'NUM'; 67.89177197; 61.82809007; 1.2; 1.1; 2; 0; 20
'BIL'; 'SAN'; 67.32103106; 67.29341693; 1.2; 1.3; 1; 1; 10
'BIL'; 'SPG'; 68.27858655; 56.51613983; 1.2; 1.7; 3; 0; 20
'BIL'; 'BET'; 67.05242105; 64.24769234; 1.5; 1.8; 1; 0; 10
'BIL'; 'ESP'; 68.48543233; 66.42971009; 1.6; 0.8; 1; 1; 20
'BIL'; 'AMA'; 67.1590264; 70.14151286; 1.7; 2.6; 3; 2; 10
'BIL'; 'VAL'; 66.09186439; 63.50020462; 1.8; 1.8; 3; 2; 20
'BIL'; 'ALM'; 59.05554694; 65.73591026; 2.0; 1.0; 1; 2; 10
'BIL'; 'MAL'; 66.81295025; 64.23741408; 1.8; 1.3; 3; 2; 20
'BIL'; 'VAL'; 67.18876457; 66.18490351; 1.9; 1.7; 1; 2; 10
'BIL'; 'HUE'; 61.58045135; 56.99877713; 1.9; 1.4; 1; 1; 20
'BIL'; 'GET'; 68.85867799; 67.35897113; 1.8; 1.9; 1; 1; 10
'BIL'; 'SEV'; 58.77708734; 68.68452518; 1.8; 1.0; 1; 2; 20
'BIL'; 'BAR'; 68.79116356; 69.35379106; 1.6; 2.8; 0; 2; 10
'BIL'; 'REA'; 67.84195458; 75.00035519; 1.5; 2.4; 2; 5; 20
'BIL'; 'VIL'; 67.85804668; 63.62550736; 1.6; 1.6; 0; 2; 10
'BIL'; 'MAL'; 69.39845072; 66.50441545; 1.3; 1.6; 2; 1; 20
'BIL'; 'OSA'; 69.39845072; 66.83233117; 1.2; 1.2; 1; 2; 10
'BIL'; 'COR'; 67.79410105; 67.10301683; 1.2; 1.6; 0; 1; 20
'BIL'; 'NUM'; 68.19160493; 62.19418713; 0.9; 0.8; 2; 1; 10
'BIL'; 'SAN'; 67.13601052; 66.36732967; 1.0; 1.9; 2; 1; 20
'BIL'; 'SPG'; 65.95934815; 64.02028328; 1.1; 1.0; 1; 1; 10
'BIL'; 'BET'; 51.26243825; 58.14981564; 1.1; 1.5; 1; 0; 20
'BIL'; 'ESP'; 67.38997779; 67.82182245; 1.1; 1.7; 0; 1; 10
'BIL'; 'AMA'; 67.7802689; 70.35460338; 1.1; 2.0; 1; 4; 20
'BIL'; 'VAL'; 69.22097194; 69.74910086; 1.0; 0.9; 0; 2; 10
'BIL'; 'ESP'; 67.48333694; 67.17002911; 1.0; 2.1; 1; 0; 20
'BIL'; 'XER'; 68.38001915; 62.58378233; 0.9; 0.0; 1; 0; 10
'BIL'; 'VIL'; 66.91876111; 69.97688412; 0.9; 1.8; 3; 2; 20
'BIL'; 'TEN'; 61.51190948; 61.06266022; 1.2; 0.666666667; 0; 1; 10
'BIL'; 'SEV'; 68.29716049; 69.54947347; 1.0; 1.8; 0; 4; 20
'BIL'; 'VAL'; 67.83497947; 65.54644752; 0.8; 1.3; 2; 2; 10
'BIL'; 'SPG'; 67.63001915; 65.11926996; 0.9; 1.5; 1; 2; 20
'BIL'; 'GET'; 67.4798027; 67.52194865; 0.9; 1.3; 0; 2; 10
'BIL'; 'AMA'; 67.35573787; 70.05864404; 0.9; 1.7; 1; 0; 20
'BIL'; 'SAN'; 66.98762821; 64.76448749; 0.9; 1.1; 2; 0; 10
'BIL'; 'BAR'; 68.37197164; 68.15844519; 1.1; 2.8; 1; 1; 20
'BIL'; 'ALM'; 68.50400627; 64.95517586; 1.1; 1.1; 4; 1; 10
'BIL'; 'VAL'; 68.67706889; 69.567126; 1.4; 1.7; 1; 2; 20
'BIL'; 'ZAR'; 68.14578614; 60.42108053; 1.2; 1.3; 2; 1; 10
'BIL'; 'OSA'; 67.61902818; 66.86711639; 1.4; 1.0; 2; 0; 20
'BIL'; 'MAL'; 69.30779079999999; 66.27951699; 1.6; 1.8; 0; 2; 10
'BIL'; 'MAL'; 69.14124069; 65.44948811; 1.4; 1.6; 1; 1; 10
'BIL'; 'REA'; 69.30324535; 75.58878011; 1.4; 2.1; 1; 0; 20
'BIL'; 'COR'; 69.52760432; 66.34160039; 1.5; 0.9; 1; 3; 10
'BIL'; 'ESP'; 68.1326776; 67.00444612; 1.5; 0.5; 0; 1; 10
'BIL'; 'XER'; 69.14354838; 56.15741627; 1.3; 0.7; 3; 2; 20
'BIL'; 'VIL'; 68.10072009999999; 69.32902533; 1.5; 1.4; 1; 2; 10
'BIL'; 'TEN'; 67.02266219; 56.06009291; 1.2; 0.7; 4; 1; 20
'BIL'; 'SEV'; 68.26389026; 69.06647528; 1.5; 1.2; 0; 0; 10
'BIL'; 'VAL'; 68.99174574; 65.1466773; 1.3; 1.1; 2; 0; 20
'BIL'; 'SPG'; 67.76738676; 64.47851189; 1.3; 1.3; 0; 0; 10
'BIL'; 'GET'; 67.76738676; 66.62260702; 1.3; 0.8; 2; 2; 20
'BIL'; 'AMA'; 67.2417943; 70.57464896; 1.4; 1.3; 0; 2; 10
'BIL'; 'SAN'; 68.1549159; 65.89047817; 1.3; 0.5; 4; 3; 20
'BIL'; 'BAR'; 68.26195623; 66.1541895; 1.6; 2.2; 1; 4; 10
'BIL'; 'ALM'; 68.11249166; 63.78899053; 1.7; 1.3; 4; 1; 20
'BIL'; 'VAL'; 67.62472181; 70.75662844; 1.8; 1.0; 0; 2; 10
'BIL'; 'ZAR'; 68.45037044; 66.67354026; 1.7; 1.2; 0; 0; 20
'BIL'; 'OSA'; 67.63409228; 59.22295647; 1.3; 0.8; 0; 0; 10
'BIL'; 'MAL'; 67.92601147; 66.66736284; 1.3; 1.2; 1; 3; 20
'BIL'; 'MAL'; 68.40560702; 65.36992001; 1.2; 1.5; 1; 1; 20
'BIL'; 'REA'; 68.79974884; 74.19070948; 1.3; 2.5; 1; 5; 10
'BIL'; 'COR'; 54.51603783; 65.41579833; 1.2; 0.5; 2; 0; 20
'BIL'; 'HER'; 69.67249166; 56.52265512; 1.4; 0.0; 1; 0; 10
'BIL'; 'AMA'; 69.67249166; 70.67275239; 1.1; 1.7; 1; 2; 20
'BIL'; 'SPG'; 67.97929152; 65.23930233; 1.1; 0.5; 2; 2; 10
'BIL'; 'MAL'; 68.18648614; 65.29433484; 0.9; 1.3; 3; 0; 20
'BIL'; 'BAR'; 68.6517302; 75.875326; 1.2; 2.4; 1; 3; 20
'BIL'; 'VAL'; 67.79860971; 69.83512983; 1.3; 1.3; 1; 2; 10
'BIL'; 'ZAR'; 67.79989065; 64.97232391; 1.4; 1.2; 2; 1; 20
'BIL'; 'SEV'; 67.79989065; 69.47338737; 1.5; 2.0; 3; 4; 10
'BIL'; 'GET'; 67.79989065; 65.94908305; 1.7; 1.9; 3; 0; 20
'BIL'; 'VIL'; 68.35989065; 70.47686129; 1.9; 2.0; 1; 4; 10
'BIL'; 'ALM'; 67.45634086; 64.41458378; 1.8; 0.8; 1; 0; 20
'BIL'; 'REA'; 68.89193333; 76.36807821; 1.8; 2.8; 1; 5; 10
'BIL'; 'OSA'; 70.04865327; 67.29232831; 1.8; 1.2; 1; 0; 20
'BIL'; 'SOC'; 69.3762146; 66.60025471; 1.7; 1.5; 0; 2; 10
'BIL'; 'ESP'; 69.48865327; 67.89574461; 1.4; 1.2; 2; 1; 20
'BIL'; 'LEV'; 67.77137377; 64.01211967; 1.5; 1.3; 2; 1; 10
'BIL'; 'COR'; 66.55143647; 66.31758142; 1.6; 1.0; 1; 2; 20
'BIL'; 'MAL'; 68.12098914; 67.35328747; 1.5; 1.3; 1; 1; 10
'BIL'; 'SAN'; 67.59764639; 66.22613884; 1.3; 0.9; 2; 1; 20
'BIL'; 'HER'; 67.72679999; 64.28581302; 1.2; 1.3; 3; 0; 20
'BIL'; 'AMA'; 67.72679999; 71.61142099999999; 1.4; 1.8; 2; 0; 10
'BIL'; 'SPG'; 68.03029649999999; 65.09793238; 1.5; 1.2; 3; 0; 20
'BIL'; 'MAL'; 68.60150862; 65.29433484; 1.7; 1.2; 0; 1; 10
'BIL'; 'BAR'; 68.47814325; 75.90989454; 1.6; 3.3; 1; 2; 10
'BIL'; 'VAL'; 67.31944069; 69.66694; 1.7; 1.9; 1; 2; 20
'BIL'; 'ZAR'; 68.38974828; 65.13529289; 1.6; 0.8; 1; 2; 10
'BIL'; 'SEV'; 67.72679999; 70.48192297; 1.5; 2.0; 2; 0; 20
'BIL'; 'GET'; 68.61662946; 66.81216845; 1.6; 0.8; 2; 2; 10
'BIL'; 'VIL'; 67.93484195; 69.02243899; 1.7; 1.3; 0; 1; 20
'BIL'; 'ALM'; 67.93819124; 65.37881701; 1.5; 1.3; 3; 1; 10
'BIL'; 'REA'; 67.93819124; 74.48799403; 1.5; 2.1; 0; 3; 20
'BIL'; 'OSA'; 67.75266317; 66.87992813; 1.3; 1.6; 2; 1; 10
'BIL'; 'SOC'; 68.51041178; 66.07917929999999; 1.2; 0.9; 2; 1; 20
'BIL'; 'ESP'; 68.85885032; 66.06228463; 1.4; 1.0; 1; 2; 10
'BIL'; 'LEV'; 68.60605407; 65.49320876; 1.4; 1.3; 3; 2; 20
'BIL'; 'COR'; 68.78287366; 67.68323273; 1.6; 0.8; 1; 2; 10
'BIL'; 'MAL'; 68.65758229; 67.38160928; 1.6; 1.8; 1; 1; 20
'BIL'; 'SAN'; 68.65758229; 65.74075924; 1.5; 1.5; 2; 1; 10
'BIL'; 'RAY'; 69.63052655; 64.91853123; 1.5; 0.0; 1; 1; 20
'BIL'; 'ESP'; 68.65265418; 66.31340075; 1.6; 0.9; 1; 2; 10
'BIL'; 'BET'; 69.41606532; 65.93068119; 1.4; 0.9; 2; 3; 20
'BIL'; 'MAL'; 69.88314685; 70.77011445; 1.6; 1.2; 0; 1; 10
'BIL'; 'VIL'; 69.22238567; 69.83930492; 1.4; 0.9; 1; 1; 20
'BIL'; 'SOC'; 69.16394411; 67.18796604; 1.3; 1.2; 2; 1; 10
'BIL'; 'OSA'; 69.32623848; 65.77655435; 1.4; 1.2; 3; 1; 20
'BIL'; 'VAL'; 69.26603646; 70.01360348; 1.4; 1.4; 1; 1; 10
'BIL'; 'AMA'; 69.26603646; 71.68526949999999; 1.4; 1.5; 3; 0; 20
'BIL'; 'SPG'; 68.89880577; 65.25916934; 1.6; 0.7; 1; 1; 10
'BIL'; 'BAR'; 69.61137295; 76.32141700000001; 1.5; 3.2; 2; 2; 20
'BIL'; 'SEV'; 68.96037174; 70.22160511; 1.6; 0.9; 2; 1; 10
'BIL'; 'GRA'; 69.61137295; 66.06382883; 1.7; 0.4; 0; 1; 20
'BIL'; 'MAL'; 69.61137295; 64.04074071; 1.5; 1.1; 1; 1; 10
'BIL'; 'SAN'; 69.61137295; 65.63099994; 1.6; 0.7; 1; 1; 20
'BIL'; 'ZAR'; 68.79068783; 63.85826898; 1.6; 0.7; 2; 1; 20
'BIL'; 'GET'; 68.90765; 66.57812539; 1.6; 1.1; 0; 0; 10
'BIL'; 'LEV'; 69.61137295; 66.4202773; 1.3; 1.4; 3; 0; 20
'BIL'; 'REA'; 70.18589452; 75.32959083; 1.5; 3.5; 1; 4; 10
'BIL'; 'RAY'; 67.39946736; 65.1674374; 1.3; 1.1; 3; 2; 10
'BIL'; 'ESP'; 68.48252181; 66.98442393; 1.5; 1.3; 3; 3; 20
'BIL'; 'BET'; 68.7942691; 66.1610878; 1.6; 1.3; 1; 2; 10
'BIL'; 'MAL'; 68.19508283; 69.35191494; 1.5; 1.1; 3; 0; 20
'BIL'; 'VIL'; 68.59226055; 69.43497726; 1.8; 1.2; 2; 2; 10
'BIL'; 'SOC'; 69.63749625; 66.97947394; 1.9; 1.2; 2; 0; 20
'BIL'; 'OSA'; 67.58333613; 66.13824266; 2.0; 1.0; 1; 2; 10
'BIL'; 'VAL'; 68.77389156; 69.17026524; 1.9; 1.4; 0; 3; 20
'BIL'; 'AMA'; 68.08696489; 71.48777161; 1.9; 1.4; 1; 2; 10
'BIL'; 'SPG'; 69.90765; 63.36659358; 1.7; 0.9; 1; 1; 20
'BIL'; 'BAR'; 67.88518901; 75.96382161; 1.7; 2.5; 0; 2; 10
'BIL'; 'SEV'; 69.24661104; 70.35179658; 1.4; 1.5; 1; 0; 20
'BIL'; 'GRA'; 69.90765; 65.24201132; 1.2; 1.2; 2; 2; 10
'BIL'; 'MAL'; 69.34228204; 63.64455282; 1.3; 1.7; 1; 0; 20
'BIL'; 'SAN'; 69.34228204; 64.32685034; 1.1; 0.6; 1; 0; 10
'BIL'; 'ZAR'; 67.90396371; 64.99147755; 1.0; 1.0; 0; 2; 10
'BIL'; 'REA'; 68.60525171; 75.39587019; 0.8; 2.7; 0; 3; 20
'BIL'; 'GET'; 65.28104356; 65.10147116; 0.7; 1.3; 0; 0; 20
'BIL'; 'LEV'; 69.11760671; 66.47367432; 0.7; 1.3; 0; 3; 10
'BIL'; 'BET'; 67.78623951; 66.08101615; 0.6; 1.5; 3; 5; 20
'BIL'; 'AMA'; 67.78623951; 71.70488903; 0.8; 1.5; 0; 4; 10
'BIL'; 'VAL'; 67.59902215; 64.72447814; 0.8; 1.6; 2; 0; 20
'BIL'; 'ESP'; 67.80437929; 65.57298425; 0.9; 1.1; 3; 3; 10
'BIL'; 'MAL'; 66.41004982; 70.53376439; 1.0; 1.3; 0; 0; 20
'BIL'; 'SOC'; 67.59627653; 66.25103921; 0.9; 1.2; 0; 2; 10
'BIL'; 'OSA'; 68.27934914; 64.50931864; 0.8; 1.3; 1; 0; 20
'BIL'; 'VAL'; 68.60298221; 68.87557778; 0.9; 1.3; 2; 3; 10
'BIL'; 'GET'; 68.73768149; 67.12867309999999; 1.1; 0.8; 1; 2; 20
'BIL'; 'GRA'; 68.73768149; 65.85819236; 1.2; 0.8; 2; 1; 10
'BIL'; 'SEV'; 69.20379719; 69.23949308; 1.4; 1.2; 2; 1; 20
'BIL'; 'REA'; 68.74459483; 75.62666957; 1.3; 2.6; 1; 5; 10
'BIL'; 'COR'; 69.24661104; 65.0877756; 1.4; 1.3; 1; 1; 20
'BIL'; 'BAR'; 67.90790974; 75.81278039; 1.3; 3.5; 1; 5; 10
'BIL'; 'CEL'; 67.93403304; 63.901515100000005; 1.1; 1.2; 1; 0; 20
'BIL'; 'MAL'; 68.92113432; 66.10540642; 1.2; 1.3; 1; 0; 10
'BIL'; 'ZAR'; 68.64980565; 65.28389035; 1.3; 1.3; 0; 2; 20
'BIL'; 'LEV'; 69.02440496; 66.67103455; 1.2; 1.3; 1; 3; 10
'BIL'; 'RAY'; 69.14373001; 65.99471066; 1.1; 1.4; 1; 2; 20
'BIL'; 'BET'; 69.10925344; 66.91141248; 1.1; 1.7; 1; 1; 10
'BIL'; 'AMA'; 68.92113432; 71.78813749; 1.0; 2.0; 3; 0; 20
'BIL'; 'VAL'; 69.01096116; 63.94584472; 1.1; 1.9; 2; 2; 10
'BIL'; 'ESP'; 69.04883995; 67.18274173; 1.2; 1.3; 0; 4; 20
'BIL'; 'MAL'; 67.73487738; 68.45383628; 1.1; 1.2; 0; 1; 10
'BIL'; 'SOC'; 67.79887947; 68.14434720000001; 1.0; 1.7; 1; 3; 20
'BIL'; 'OSA'; 68.77974904; 64.8827963; 1.0; 1.0; 1; 0; 10
'BIL'; 'VAL'; 68.43441256; 69.09162135; 1.0; 1.1; 1; 0; 20
'BIL'; 'GET'; 68.90416462; 66.85125974; 1.1; 1.6; 0; 1; 10
'BIL'; 'GRA'; 69.29901311; 65.2866973; 1.0; 1.2; 1; 0; 20
'BIL'; 'SEV'; 69.16032513; 68.39240631; 1.0; 2.0; 1; 2; 10
'BIL'; 'REA'; 67.79404387; 75.79817689; 1.0; 2.7; 0; 3; 20
'BIL'; 'COR'; 68.83480368; 65.61427812; 0.7; 1.6; 1; 1; 10
'BIL'; 'BAR'; 69.39495296; 74.61605301; 0.6; 2.7; 2; 2; 20
'BIL'; 'CEL'; 68.64329613; 63.44432771; 0.8; 1.1; 1; 1; 10
'BIL'; 'MAL'; 68.86092698; 66.03935965; 0.9; 1.1; 2; 1; 20
'BIL'; 'ZAR'; 67.78257201; 58.71426553; 1.0; 1.0; 2; 1; 10
'BIL'; 'LEV'; 68.98863261; 65.77688843; 1.1; 0.6; 0; 1; 20
'BIL'; 'RAY'; 68.71954170000001; 65.38879647; 1.0; 1.2; 2; 2; 10
'BIL'; 'VAL'; 69.2588327; 64.37144391; 1.2; 2.0; 2; 1; 10
'BIL'; 'OSA'; 67.63449709; 64.85305301; 1.3; 0.8; 2; 0; 20
'BIL'; 'REA'; 68.25507440000001; 75.14254616; 1.4; 2.9; 1; 3; 10
'BIL'; 'CEL'; 67.84291704; 63.88993336; 1.5; 1.3; 3; 2; 20
'BIL'; 'ESP'; 69.07016014; 66.05024034; 1.7; 0.7; 2; 3; 10
'BIL'; 'BET'; 69.2276911; 64.92637085; 1.7; 1.3; 2; 1; 20
'BIL'; 'GRA'; 69.2276911; 65.17945685; 1.8; 1.0; 0; 2; 10
'BIL'; 'VAL'; 68.44944658; 69.65595345; 1.6; 1.2; 1; 1; 20
'BIL'; 'VIL'; 68.67268790000001; 66.93414052; 1.5; 1.5; 2; 0; 20
'BIL'; 'GET'; 68.70607633; 66.33384534; 1.7; 1.4; 1; 0; 10
'BIL'; 'ELC'; 68.1190922; 64.3854245; 1.6; 1.0; 2; 2; 20
'BIL'; 'AMA'; 68.86594407; 71.88680056; 1.6; 2.5; 0; 2; 10
'BIL'; 'LEV'; 69.12445642; 65.38544459; 1.4; 1.2; 2; 1; 20
'BIL'; 'MAL'; 68.86913936; 65.85000727; 1.5; 1.3; 2; 1; 10
'BIL'; 'BAR'; 69.07646594; 74.35633159; 1.4; 2.8; 1; 0; 20
'BIL'; 'SEV'; 68.66910663; 67.47035486; 1.3; 2.3; 1; 1; 10
'BIL'; 'RAY'; 69.08026069; 64.93097843; 1.2; 1.0; 2; 1; 20
'BIL'; 'SOC'; 68.66910663; 67.98693892; 1.4; 2.7; 0; 2; 10
'BIL'; 'ALM'; 69.14046803; 63.85611826; 1.3; 0.9; 6; 1; 20
'BIL'; 'VAL'; 69.13977596; 63.90099843; 1.7; 1.3; 4; 2; 20
'BIL'; 'OSA'; 68.67290139; 64.68529428; 2.0; 1.0; 5; 1; 10
'BIL'; 'REA'; 68.66910663; 74.61481543; 2.3; 3.3; 1; 1; 20
'BIL'; 'CEL'; 68.66910663; 64.58200736; 2.4; 1.5; 0; 0; 10
'BIL'; 'ESP'; 68.83349833; 65.38402469; 2.2; 1.3; 1; 2; 20
'BIL'; 'BET'; 69.08026069; 63.73515802; 2.1; 0.8; 2; 0; 10
'BIL'; 'GRA'; 69.07646594; 57.51250004; 2.2; 1.0; 4; 0; 20
'BIL'; 'VAL'; 68.66910663; 69.43558176; 2.5; 1.5; 1; 1; 10
'BIL'; 'VIL'; 68.66910663; 67.77387397; 2.4; 2.0; 1; 1; 10
'BIL'; 'GET'; 69.07646594; 66.75497643; 2.5; 0.6; 1; 0; 20
'BIL'; 'ELC'; 68.76784066; 65.15352204; 2.0; 0.7; 0; 0; 10
'BIL'; 'AMA'; 68.73668999; 71.19426811; 1.6; 1.9; 1; 2; 20
'BIL'; 'LEV'; 68.24865896; 65.24004383; 1.2; 0.7; 2; 1; 10
'BIL'; 'MAL'; 68.44397679999999; 66.97235763; 1.3; 1.3; 3; 0; 20
'BIL'; 'BAR'; 68.03661749; 74.69191941; 1.6; 2.9; 1; 2; 10
'BIL'; 'SEV'; 69.14046803; 67.67408591; 1.6; 2.3; 3; 1; 20
'BIL'; 'RAY'; 69.30410439; 65.32154774; 1.7; 2.0; 3; 0; 10
'BIL'; 'SOC'; 69.14046803; 67.67185123; 1.6; 1.4; 1; 1; 20
'BIL'; 'ALM'; 66.42092084; 62.78890731; 1.6; 1.7; 0; 0; 10
'BIL'; 'MAL'; 69.04881178; 65.49664178; 1.5; 1.3; 0; 1; 10
'BIL'; 'LEV'; 68.43412589; 64.56699227; 1.4; 0.9; 3; 0; 20
'BIL'; 'BAR'; 68.64145247; 72.61589983; 1.7; 1.6; 0; 2; 10
'BIL'; 'GRA'; 67.15374192; 62.67783103; 1.6; 0.7; 0; 1; 20
'BIL'; 'RAY'; 68.64145247; 64.74087739; 1.4; 1.5; 1; 2; 10
'BIL'; 'EIB'; 68.10125933; 62.15198364; 1.2; 1.0; 0; 0; 20
'BIL'; 'REA'; 68.64145247; 75.19039855; 1.1; 2.6; 0; 5; 10
'BIL'; 'CEL'; 68.67268790000001; 64.12285183; 0.8; 1.7; 1; 1; 20
'BIL'; 'ALM'; 68.21721004; 61.51377941; 0.6; 0.9; 1; 0; 10
'BIL'; 'SEV'; 68.24844548; 67.46619176; 0.6; 2.0; 1; 0; 20
'BIL'; 'VAL'; 66.25017466; 68.38518817; 0.7; 2.3; 0; 0; 10
'BIL'; 'ESP'; 67.26965759999999; 64.46828881; 0.7; 1.0; 3; 1; 20
'BIL'; 'GET'; 67.93082009999999; 64.90320264; 0.7; 0.7; 2; 1; 10
'BIL'; 'COR'; 67.64949139; 60.37538935; 0.9; 0.6; 0; 1; 20
'BIL'; 'SOC'; 68.09095996; 66.80213941; 0.9; 0.8; 1; 1; 10
'BIL'; 'AMA'; 67.40499505; 70.45992545; 0.9; 2.0; 1; 4; 20
'BIL'; 'COR'; 67.65823269; 64.34315872; 1.0; 0.4; 0; 1; 10
'BIL'; 'ELC'; 68.24844548; 64.15509115; 1.0; 0.8; 1; 2; 20
'BIL'; 'VIL'; 66.52338420000001; 67.6030105; 1.0; 1.8; 0; 2; 10
'BIL'; 'MAL'; 68.00547787; 65.70292327; 0.9; 1.1; 1; 1; 20
'BIL'; 'LEV'; 67.89805344; 64.78694833; 0.9; 0.7; 2; 0; 10
'BIL'; 'BAR'; 67.46520239; 75.15705592; 1.1; 3.2; 2; 5; 20
'BIL'; 'GRA'; 68.66757577; 64.40263468; 1.0; 0.8; 0; 0; 10
'BIL'; 'RAY'; 67.87256169; 58.86401486; 0.8; 0.8; 1; 0; 20
'BIL'; 'EIB'; 66.68242671; 62.57147953; 0.9; 0.6; 1; 0; 10
'BIL'; 'REA'; 67.66143161; 73.2122885; 0.9; 2.0; 1; 0; 20
'BIL'; 'CEL'; 67.58412589; 64.90074106; 0.9; 1.0; 2; 1; 10
'BIL'; 'ALM'; 67.41557834; 61.31891316; 1.1; 0.7; 2; 1; 20
'BIL'; 'SEV'; 67.52655013; 67.30273834; 1.2; 2.1; 0; 2; 10
'BIL'; 'VAL'; 66.41912092; 68.53568839; 1.2; 1.7; 1; 1; 20
'BIL'; 'ESP'; 67.43440257; 63.58603004; 1.2; 1.1; 0; 1; 10
'BIL'; 'GET'; 67.00176187; 65.00630542; 1.0; 1.2; 4; 0; 20
'BIL'; 'COR'; 66.72483735; 62.41122558; 1.2; 0.6; 1; 0; 10
'BIL'; 'SOC'; 67.87567289; 67.04055932; 1.3; 1.2; 1; 1; 20
'BIL'; 'AMA'; 65.36280972; 71.17534585; 1.3; 1.5; 0; 0; 10
'BIL'; 'COR'; 66.73281276; 65.37183146; 1.2; 0.5; 1; 1; 20
'BIL'; 'ELC'; 66.08947942; 64.21677946; 1.2; 1.0; 3; 2; 10
'BIL'; 'VIL'; 66.12142936; 65.88883340000001; 1.3; 0.5; 4; 0; 20
'BIL'; 'BAR'; 66.29536431; 75.41057816; 1.5; 3.0; 0; 1; 20
'BIL'; 'EIB'; 65.18317596; 62.98269792; 1.5; 1.0; 0; 2; 10
'BIL'; 'GET'; 66.50962872; 65.50457424; 1.4; 0.7; 3; 1; 20
'BIL'; 'VIL'; 65.70700822; 64.68741016; 1.7; 1.1; 1; 3; 10
'BIL'; 'REA'; 67.3412458; 72.99839383; 1.4; 3.5; 1; 2; 20
'BIL'; 'SOC'; 67.3412458; 66.19223981; 1.4; 1.3; 0; 0; 10
'BIL'; 'VAL'; 67.94730641; 65.92512962; 1.3; 1.2; 3; 1; 20
'BIL'; 'COR'; 67.94730641; 65.61960583; 1.6; 1.5; 2; 2; 10
'BIL'; 'SPG'; 67.94730641; 62.84010785; 1.7; 1.2; 3; 0; 20
'BIL'; 'BET'; 66.62446259; 63.09335383; 1.7; 1.0; 3; 1; 10
'BIL'; 'ESP'; 66.56425525; 63.32600742; 1.6; 1.1; 2; 1; 20
'BIL'; 'GRA'; 67.94730641; 62.97466049; 1.8; 1.0; 0; 2; 10
'BIL'; 'RAY'; 66.24985444; 63.45680163; 1.8; 1.4; 3; 0; 10
'BIL'; 'MAL'; 67.88709907; 64.72949021; 1.8; 0.7; 0; 0; 20
'BIL'; 'AMA'; 67.35780898; 69.94220189; 1.7; 1.3; 1; 2; 10
'BIL'; 'LEV'; 67.94730641; 63.58700091; 1.7; 0.7; 2; 0; 20
'BIL'; 'CEL'; 66.62446259; 63.89726873; 1.9; 1.3; 1; 0; 10
'BIL'; 'LAS'; 67.55469814; 55.95536147; 1.7; 1.0; 2; 2; 20
'BIL'; 'SEV'; 66.70022016; 66.60313478; 1.7; 1.6; 0; 2; 10
'BIL'; 'BAR'; 67.18601983; 74.66561161; 1.4; 2.7; 0; 6; 10
'BIL'; 'EIB'; 66.37724749; 62.13917731; 1.1; 1.9; 5; 2; 20
'BIL'; 'GET'; 65.65179734; 65.52709035; 1.4; 1.5; 1; 0; 10
'BIL'; 'VIL'; 65.82137447; 66.28222771; 1.5; 1.3; 0; 0; 20
'BIL'; 'REA'; 64.73133592; 72.66642255; 1.2; 3.8; 2; 4; 10
'BIL'; 'SOC'; 68.27969698; 66.20893818; 1.4; 1.8; 0; 1; 20
'BIL'; 'VAL'; 67.22683867; 66.77077724; 1.3; 1.1; 3; 0; 10
'BIL'; 'COR'; 67.38121945; 66.51155835; 1.4; 0.8; 4; 1; 20
'BIL'; 'SPG'; 68.66185186; 55.78347778; 1.7; 1.4; 2; 0; 10
'BIL'; 'BET'; 67.28231419; 63.60912006; 1.7; 1.3; 3; 1; 20
'BIL'; 'ESP'; 65.15840468; 62.21128444; 2.0; 1.2; 1; 2; 10
'BIL'; 'GRA'; 67.28103847; 62.64300059; 2.1; 1.1; 1; 1; 20
'BIL'; 'RAY'; 66.62347273; 63.01573218; 1.7; 1.7; 1; 0; 20
'BIL'; 'MAL'; 66.86928938; 65.71844483; 1.7; 1.2; 1; 0; 10
'BIL'; 'AMA'; 68.26262938; 69.00224976; 1.8; 2.3; 0; 1; 20
'BIL'; 'LEV'; 67.73199335; 63.94034568; 1.6; 1.0; 2; 2; 10
'BIL'; 'CEL'; 68.26262938; 64.55996829; 1.8; 1.1; 2; 1; 20
'BIL'; 'LAS'; 67.58097013; 61.59450940000001; 1.7; 1.9; 0; 0; 10
'BIL'; 'SEV'; 66.67362505; 57.24306045; 1.3; 1.2; 3; 1; 20
