'SAN'; 'SEV'; 67.07145422; 68.81870488; 0.0; 0.0; 1; 1; 20
'SAN'; 'BAR'; 67.08754817; 75.02659299; 1.0; 0.0; 1; 1; 10
'SAN'; 'REA'; 65.11858968; 67.74101897; 1.0; 2.5; 0; 2; 20
'SAN'; 'VIL'; 65.44222077; 71.07416396; 0.666666667; 1.333333333; 0; 2; 10
'SAN'; 'MAL'; 66.08700192; 67.08651717; 0.5; 0.428571429; 1; 2; 20
'SAN'; 'OSA'; 66.26580054; 66.79782224; 0.6; 0.4; 1; 0; 10
'SAN'; 'COR'; 65.81854914; 66.52034358; 0.666666667; 0.833333333; 0; 0; 20
'SAN'; 'NUM'; 65.3818747; 55.36978658; 0.571428571; 0.7142857140000001; 1; 2; 10
'SAN'; 'VAL'; 66.67380908; 70.7225562; 0.625; 1.5; 4; 2; 10
'SAN'; 'SPG'; 66.67380908; 62.45102871; 1.0; 1.7777777780000001; 1; 0; 20
'SAN'; 'BET'; 66.54586296; 64.51919112; 1.0; 1.3; 1; 3; 10
'SAN'; 'ESP'; 67.80428933; 59.46255774; 1.0; 0.9; 3; 0; 20
'SAN'; 'AMA'; 67.78391009; 69.97006098; 1.2; 1.9; 1; 4; 10
'SAN'; 'BIL'; 67.29341693; 67.32103106; 1.3; 1.2; 1; 1; 20
'SAN'; 'ALM'; 67.45126547; 64.89571409; 1.4; 0.9; 1; 1; 10
'SAN'; 'MAL'; 67.22162363; 65.33116408; 1.4; 1.7; 1; 1; 20
'SAN'; 'VAL'; 67.13086275; 65.44502117; 1.4; 2.0; 1; 0; 10
'SAN'; 'HUE'; 67.13086275; 64.39240431; 1.5; 1.1; 1; 1; 20
'SAN'; 'GET'; 66.4554153; 66.73043349999999; 1.5; 1.5; 1; 0; 10
'SAN'; 'SEV'; 66.4554153; 70.02092916; 1.2; 1.3; 2; 0; 10
'SAN'; 'BAR'; 66.02861483; 75.77853163; 1.3; 2.9; 1; 2; 20
'SAN'; 'REA'; 65.80928736; 75.82070151; 1.3; 1.6; 0; 1; 10
'SAN'; 'VIL'; 67.70909496; 62.98144309; 1.0; 1.4; 1; 1; 20
'SAN'; 'MAL'; 67.70909496; 66.77828736; 1.0; 1.6; 0; 1; 10
'SAN'; 'OSA'; 64.96208861; 60.92874435; 0.9; 1.4; 1; 1; 20
'SAN'; 'COR'; 65.36172601; 66.63655423; 0.9; 1.3; 3; 5; 10
'SAN'; 'NUM'; 66.14776599; 55.33264191; 1.1; 0.7; 5; 0; 20
'SAN'; 'VAL'; 65.2512001; 69.94990153; 1.5; 1.3; 0; 1; 20
'SAN'; 'SPG'; 59.90130778; 56.17486481; 1.4; 1.0; 2; 0; 10
'SAN'; 'BET'; 66.72080368; 64.75660813; 1.5; 1.6; 2; 3; 20
'SAN'; 'ESP'; 60.46660817; 66.69117473; 1.5; 1.0; 0; 1; 10
'SAN'; 'AMA'; 65.97923105; 69.5733135; 1.4; 1.9; 5; 1; 20
'SAN'; 'BIL'; 66.36732967; 67.13601052; 1.9; 1.0; 1; 2; 10
'SAN'; 'ALM'; 65.50113526; 63.78488175; 1.9; 1.1; 0; 2; 20
'SAN'; 'MAL'; 66.21356911; 64.85136609999999; 1.9; 1.8; 0; 1; 10
'SAN'; 'VAL'; 65.59365688; 65.44937997; 1.8; 0.7; 3; 2; 20
'SAN'; 'HUE'; 66.37932361; 56.73202826; 1.8; 0.8; 1; 0; 10
'SAN'; 'GET'; 66.37932361; 61.4216984; 1.4; 1.3; 1; 1; 20
'SAN'; 'GET'; 64.96505161; 67.16022654; 1.5; 1.2; 1; 4; 20
'SAN'; 'AMA'; 65.28534185; 68.50698993; 1.4; 2.2; 1; 1; 10
'SAN'; 'MAL'; 65.74688031; 65.54366221; 1.3; 1.8; 2; 1; 10
'SAN'; 'BAR'; 65.74688031; 76.79654526; 1.5; 2.7; 1; 4; 20
'SAN'; 'ALM'; 65.30177711; 64.89958537; 1.1; 1.0; 2; 2; 10
'SAN'; 'VAL'; 66.11705131; 69.23517008; 1.2; 1.4; 0; 1; 20
'SAN'; 'ZAR'; 65.59886949; 67.75865628; 1.2; 1.333333333; 2; 2; 10
'SAN'; 'OSA'; 65.67791544; 67.92295129; 1.4; 1.2; 1; 1; 20
'SAN'; 'MAL'; 66.09382453; 66.73360234; 1.2; 1.2; 0; 1; 10
'SAN'; 'BIL'; 64.76448749; 66.98762821; 1.1; 0.9; 0; 2; 20
'SAN'; 'REA'; 66.47581754; 73.67009945; 1.0; 2.6; 0; 1; 10
'SAN'; 'COR'; 66.11979856; 66.35566159; 0.9; 1.4; 0; 1; 20
'SAN'; 'ESP'; 66.91899936; 66.62821789; 0.8; 0.8; 4; 0; 10
'SAN'; 'XER'; 65.65873264; 61.55287081; 1.0; 0.4; 3; 2; 20
'SAN'; 'VIL'; 66.08553312; 69.63180911; 1.2; 1.8; 0; 2; 10
'SAN'; 'TEN'; 66.38098766; 62.08547662; 1.0; 1.2; 2; 0; 20
'SAN'; 'SEV'; 66.38098766; 68.84096977; 1.2; 1.3; 2; 1; 10
'SAN'; 'VAL'; 66.23074843; 64.52097606; 1.2; 1.2; 1; 1; 20
'SAN'; 'SPG'; 64.51159485; 65.07738048; 1.2; 1.0; 1; 0; 10
'SAN'; 'GET'; 64.99061465; 66.89221341; 1.3; 1.5; 0; 0; 10
'SAN'; 'AMA'; 66.22268258; 70.33136809; 1.3; 1.8; 1; 1; 20
'SAN'; 'MAL'; 65.585992; 57.84414943; 1.4; 0.9; 0; 3; 20
'SAN'; 'BAR'; 64.75385141; 75.75248314; 1.4; 2.3; 0; 4; 10
'SAN'; 'ALM'; 66.24667169; 65.59352477; 1.0; 1.1; 0; 2; 20
'SAN'; 'VAL'; 65.28457188; 69.22580144; 0.7; 1.1; 0; 0; 10
'SAN'; 'ZAR'; 64.83324593; 66.00348042; 0.7; 1.3; 0; 0; 20
'SAN'; 'OSA'; 65.89047817; 67.10725706; 0.5; 1.0; 3; 1; 10
'SAN'; 'MAL'; 65.63244673; 66.79681317; 0.6; 1.7; 0; 0; 20
'SAN'; 'BIL'; 65.89047817; 68.1549159; 0.5; 1.3; 3; 4; 10
'SAN'; 'REA'; 66.14568349; 72.86720754; 0.7; 3.7; 0; 2; 20
'SAN'; 'COR'; 64.84471174; 60.14313915; 0.7; 0.8; 1; 1; 10
'SAN'; 'ESP'; 64.87944973; 66.75027704; 0.7; 1.1; 3; 1; 20
'SAN'; 'XER'; 64.18649604; 51.26044657; 1.0; 1.6; 2; 2; 10
'SAN'; 'VIL'; 64.5083481; 70.14467449; 1.2; 1.3; 1; 2; 20
'SAN'; 'TEN'; 64.37431706; 55.47429374; 1.3; 1.5; 1; 2; 10
'SAN'; 'SEV'; 65.42430369; 70.63572095; 1.4; 1.7; 1; 5; 20
'SAN'; 'VAL'; 65.44600561; 65.44451389999999; 1.5; 1.3; 1; 2; 10
'SAN'; 'SPG'; 64.46988173; 56.5614091; 1.3; 0.7; 2; 0; 20
'SAN'; 'BAR'; 65.7303302; 75.7410717; 1.5; 2.8; 0; 3; 20
'SAN'; 'VAL'; 66.24851201; 70.75927843; 1.2; 1.4; 0; 1; 10
'SAN'; 'ZAR'; 65.94269064; 66.18495656; 1.2; 1.2; 2; 0; 20
'SAN'; 'SEV'; 66.53753191; 68.25288936; 1.3; 2.6; 1; 1; 10
'SAN'; 'GET'; 65.29549844; 66.52494842; 1.1; 1.9; 0; 1; 20
'SAN'; 'VIL'; 64.99636592; 70.82817664; 0.9; 2.0; 0; 2; 10
'SAN'; 'ALM'; 66.13550405; 65.13790702; 0.8; 1.4; 1; 0; 20
'SAN'; 'REA'; 66.15002717; 75.70126655; 0.8; 2.6; 1; 6; 10
'SAN'; 'OSA'; 66.54728882; 66.85219892; 0.8; 0.9; 4; 1; 20
'SAN'; 'SOC'; 66.54728882; 66.41540623; 1.1; 1.333333333; 0; 1; 10
'SAN'; 'ESP'; 66.54728882; 66.75406362; 0.9; 0.9; 0; 0; 20
'SAN'; 'LEV'; 65.77773279; 64.25689332; 0.9; 0.9; 1; 3; 10
'SAN'; 'COR'; 65.31537571; 64.51810617; 1.0; 1.1; 1; 0; 20
'SAN'; 'MAL'; 66.46781544; 65.33202382; 0.9; 1.0; 1; 4; 10
'SAN'; 'MAL'; 65.93255078; 65.40002460000001; 0.9; 1.2; 1; 0; 10
'SAN'; 'HER'; 66.70203736; 56.47200577; 1.0; 1.3; 0; 0; 20
'SAN'; 'AMA'; 66.39490787; 71.45594862; 1.0; 1.7; 0; 0; 10
'SAN'; 'SPG'; 64.25441831; 64.00908067; 0.9; 0.6; 1; 1; 20
'SAN'; 'BIL'; 66.22613884; 67.59764639; 0.9; 1.3; 1; 2; 10
'SAN'; 'BAR'; 65.03168163; 75.87102883; 0.6; 4.2; 0; 3; 10
'SAN'; 'VAL'; 65.02076602; 68.75929309; 0.6; 1.9; 1; 1; 20
'SAN'; 'ZAR'; 66.4084493; 65.02337221; 0.7; 0.9; 1; 1; 10
'SAN'; 'SEV'; 66.4084493; 69.9428395; 0.7; 1.4; 3; 2; 20
'SAN'; 'GET'; 66.70203736; 66.06720432; 0.9; 1.6; 1; 0; 10
'SAN'; 'VIL'; 65.75712965; 66.13987420000001; 0.9; 1.5; 2; 2; 20
'SAN'; 'ALM'; 65.67244253; 65.69519989999999; 1.0; 1.2; 1; 1; 10
'SAN'; 'REA'; 65.93488982; 75.41054425; 1.1; 2.3; 1; 3; 20
'SAN'; 'OSA'; 66.17314697; 66.37334696; 1.2; 1.2; 1; 3; 10
'SAN'; 'SOC'; 65.35030662; 66.79205912; 1.2; 1.3; 2; 1; 20
'SAN'; 'ESP'; 67.32528909999999; 65.64230152; 1.3; 1.2; 2; 1; 10
'SAN'; 'LEV'; 66.10896376; 64.24300115; 1.5; 1.3; 1; 1; 20
'SAN'; 'COR'; 64.77190377; 66.45369309; 1.5; 0.7; 0; 2; 10
'SAN'; 'MAL'; 66.44711786; 66.86012058; 1.4; 1.5; 1; 2; 20
'SAN'; 'MAL'; 67.22722051; 65.69629499999999; 1.2; 1.7; 2; 0; 20
'SAN'; 'HER'; 65.57021589; 62.57179487; 1.3; 0.7; 3; 2; 10
'SAN'; 'AMA'; 66.39298865; 69.95141589; 1.4; 2.0; 2; 1; 20
'SAN'; 'SPG'; 57.06034135; 64.64817389; 1.5; 1.0; 1; 2; 10
'SAN'; 'BIL'; 65.74075924; 68.65758229; 1.5; 1.5; 1; 2; 20
'SAN'; 'VAL'; 63.76572009; 68.78595659; 1.5; 2.2; 3; 4; 10
'SAN'; 'LEV'; 64.84124457; 66.29912214; 1.6; 1.2; 0; 0; 20
'SAN'; 'AMA'; 63.11464398; 71.68091006; 1.4; 1.7; 0; 4; 10
'SAN'; 'REA'; 64.10457954; 74.59696797; 1.3; 4.0; 0; 0; 20
'SAN'; 'SPG'; 65.04598184; 64.72401517; 1.3; 0.7; 0; 0; 10
'SAN'; 'RAY'; 64.99226283; 65.11277177; 1.2; 1.0; 1; 1; 20
'SAN'; 'BAR'; 65.04814634; 76.60531096; 1.1; 2.9; 0; 3; 10
'SAN'; 'ESP'; 65.50105341; 66.2188508; 0.8; 1.0; 0; 1; 20
'SAN'; 'SEV'; 64.15876051; 68.7189958; 0.6; 1.4; 2; 2; 10
'SAN'; 'BET'; 64.75233671; 64.91457582; 0.7; 1.1; 1; 0; 20
'SAN'; 'GRA'; 65.24545454; 64.8340066; 0.7; 0.4; 0; 0; 10
'SAN'; 'MAL'; 65.03896214; 70.43331112; 0.4; 0.5; 1; 3; 20
'SAN'; 'MAL'; 64.63536829; 65.50289291; 0.5; 0.7; 1; 2; 10
'SAN'; 'VIL'; 66.33926439999999; 68.29796211; 0.6; 0.9; 1; 0; 20
'SAN'; 'BIL'; 65.63099994; 69.61137295; 0.7; 1.6; 1; 1; 10
'SAN'; 'SOC'; 66.33926439999999; 67.23207692; 0.8; 1.0; 0; 0; 20
'SAN'; 'ZAR'; 65.68471894; 65.71071419; 0.7; 0.6; 1; 0; 20
'SAN'; 'OSA'; 66.45939427; 63.65129377; 0.8; 1.5; 2; 0; 10
'SAN'; 'GET'; 65.68471894; 67.00994357; 1.0; 1.2; 1; 2; 20
'SAN'; 'VAL'; 65.92108258; 69.97578835; 0.9; 1.7; 2; 2; 20
'SAN'; 'LEV'; 64.5148463; 65.8902028; 1.0; 0.9; 1; 1; 10
'SAN'; 'AMA'; 64.75306246; 71.27775074; 1.1; 1.7; 0; 0; 20
'SAN'; 'REA'; 64.86571068; 75.79094231; 1.0; 3.3; 0; 4; 10
'SAN'; 'SPG'; 65.62749453; 64.42293044; 0.9; 0.9; 1; 1; 20
'SAN'; 'RAY'; 65.57207072; 64.96114698; 0.9; 1.7; 2; 4; 10
'SAN'; 'BAR'; 64.38732239999999; 76.80795202; 1.0; 2.6; 0; 2; 20
'SAN'; 'ESP'; 64.06076259; 66.29665775; 1.0; 1.5; 1; 3; 10
'SAN'; 'SEV'; 63.99855561; 69.62954949; 1.0; 0.8; 0; 3; 20
'SAN'; 'BET'; 62.41627847; 66.19347679; 0.8; 1.1; 1; 1; 10
'SAN'; 'GRA'; 64.11497728; 64.80034289; 0.8; 1.5; 0; 1; 20
'SAN'; 'MAL'; 62.39815551; 69.78810793; 0.6; 1.5; 0; 3; 10
'SAN'; 'MAL'; 60.13632041; 65.39187981; 0.5; 1.6; 0; 3; 20
'SAN'; 'VIL'; 64.32685034; 67.7786936; 0.5; 1.0; 1; 1; 10
'SAN'; 'BIL'; 64.32685034; 69.34228204; 0.6; 1.1; 0; 1; 20
'SAN'; 'SOC'; 62.92112853; 66.71136254; 0.5; 1.4; 0; 3; 10
'SAN'; 'GET'; 62.74667054; 67.20425511; 0.3; 1.4; 1; 1; 10
'SAN'; 'ZAR'; 61.45576145; 64.95901002; 0.4; 1.1; 1; 2; 10
'SAN'; 'OSA'; 60.29276354; 65.69304862; 0.4; 0.8; 2; 4; 20
