'LEV'; 'SEV'; 58.52955107; 69.40662407; 0.0; 2.5; 1; 4; 20
'LEV'; 'GET'; 64.64189256; 66.80225168; 1.0; 1.8; 1; 4; 10
'LEV'; 'VIL'; 64.82312256; 70.82817664; 1.0; 1.7; 1; 2; 20
'LEV'; 'ALM'; 64.75748187; 65.62032738; 1.0; 1.2; 1; 0; 10
'LEV'; 'REA'; 58.22877549; 75.90672673; 1.0; 2.3; 0; 0; 20
'LEV'; 'OSA'; 64.75748187; 66.81361776; 0.8; 1.0; 1; 1; 10
'LEV'; 'SOC'; 64.56130962; 66.78477852; 0.833333333; 1.0; 2; 1; 20
'LEV'; 'ESP'; 64.38531895; 66.73553477; 1.0; 0.8; 1; 2; 10
'LEV'; 'MAL'; 64.59333023; 59.23265053; 1.0; 1.2; 1; 2; 10
'LEV'; 'COR'; 64.46745611; 65.40210523; 1.0; 0.6; 1; 2; 20
'LEV'; 'MAL'; 63.76574411; 65.03016322; 1.0; 1.0; 0; 1; 10
'LEV'; 'SAN'; 64.25689332; 65.77773279; 0.9; 0.9; 3; 1; 20
'LEV'; 'HER'; 57.89485097; 57.98603896; 1.1; 0.9; 1; 3; 10
'LEV'; 'AMA'; 64.01211967; 71.06944661; 1.1; 1.5; 2; 0; 20
'LEV'; 'SPG'; 64.01211967; 64.96755019; 1.2; 0.7; 1; 1; 10
'LEV'; 'BIL'; 64.01211967; 67.77137377; 1.3; 1.5; 1; 2; 20
'LEV'; 'BAR'; 56.27109915; 75.07462375; 1.3; 4.1; 1; 2; 10
'LEV'; 'VAL'; 57.02357349; 69.84340287; 1.2; 1.4; 0; 1; 20
'LEV'; 'ZAR'; 63.40044349; 65.46337221; 1.1; 1.0; 0; 1; 10
'LEV'; 'SEV'; 64.33921213; 69.62801571; 1.0; 1.2; 1; 4; 10
'LEV'; 'GET'; 65.49658404; 66.37043349999999; 1.0; 1.4; 2; 0; 20
'LEV'; 'VIL'; 65.54070949999999; 70.90528812; 1.2; 1.9; 1; 0; 10
'LEV'; 'ALM'; 66.11808096; 65.43275311; 1.0; 1.5; 1; 0; 20
'LEV'; 'REA'; 59.79082342; 74.10945836; 1.0; 2.0; 0; 2; 10
'LEV'; 'OSA'; 66.11808096; 66.25918518; 0.8; 1.3; 2; 1; 20
'LEV'; 'SOC'; 66.11808096; 66.07878575; 0.9; 1.5; 1; 1; 10
'LEV'; 'ESP'; 65.98349183; 66.47080079999999; 0.9; 1.7; 1; 0; 20
'LEV'; 'MAL'; 65.98349183; 65.08428223; 0.9; 1.0; 1; 1; 20
'LEV'; 'COR'; 66.28163962; 66.86170577; 1.0; 0.8; 1; 0; 10
'LEV'; 'MAL'; 65.37917367; 66.66110023; 1.1; 1.2; 3; 1; 20
'LEV'; 'SAN'; 64.24300115; 66.10896376; 1.3; 1.5; 1; 1; 10
'LEV'; 'HER'; 65.93898228; 57.53509454; 1.2; 0.6; 2; 1; 20
'LEV'; 'AMA'; 66.28163962; 71.35406347; 1.3; 1.9; 1; 4; 10
'LEV'; 'SPG'; 66.22164698; 64.70256872; 1.3; 0.8; 0; 0; 20
'LEV'; 'BIL'; 65.49320876; 68.60605407; 1.3; 1.4; 2; 3; 10
'LEV'; 'BAR'; 65.29004350000001; 74.95412047; 1.3; 1.5; 1; 1; 20
'LEV'; 'VAL'; 65.9891777; 70.80336733; 1.3; 2.2; 0; 0; 10
'LEV'; 'ZAR'; 58.16549549; 65.87739818; 1.2; 1.4; 1; 2; 20
'LEV'; 'GET'; 66.06847757; 66.53915022; 1.2; 1.1; 1; 1; 10
'LEV'; 'SAN'; 66.29912214; 64.84124457; 1.2; 1.6; 0; 0; 10
'LEV'; 'REA'; 66.29912214; 75.02617038; 0.9; 4.3; 1; 0; 20
'LEV'; 'RAY'; 66.43066801; 64.71679873; 0.9; 0.666666667; 2; 1; 10
'LEV'; 'ESP'; 65.93898228; 65.7063078; 0.9; 1.0; 3; 1; 20
'LEV'; 'BET'; 66.5534219; 65.54397579; 1.1; 1.3; 1; 0; 10
'LEV'; 'MAL'; 66.13548578; 71.0860908; 1.2; 1.3; 3; 0; 20
'LEV'; 'VIL'; 66.29912214; 68.87963126; 1.3; 0.8; 3; 0; 10
'LEV'; 'SOC'; 66.13548578; 66.25321375; 1.5; 0.9; 3; 2; 20
'LEV'; 'OSA'; 66.68496777; 65.33890533; 1.8; 1.2; 0; 2; 10
'LEV'; 'VAL'; 66.29912214; 69.69302401; 1.7; 1.5; 0; 2; 20
'LEV'; 'AMA'; 66.1834352; 71.34336219; 1.6; 1.4; 2; 3; 10
'LEV'; 'SPG'; 66.32809722; 65.26467173; 1.8; 1.0; 4; 0; 20
'LEV'; 'BAR'; 66.65037345; 76.38307164; 2.1; 2.5; 0; 5; 10
'LEV'; 'SEV'; 66.07379747; 69.26718691; 1.9; 1.1; 1; 0; 20
'LEV'; 'GRA'; 66.07379747; 65.20557291; 1.7; 0.6; 1; 2; 10
'LEV'; 'MAL'; 66.44770507; 65.46463601; 1.7; 1.5; 0; 0; 20
'LEV'; 'BIL'; 66.4202773; 69.61137295; 1.4; 1.3; 0; 3; 10
'LEV'; 'ZAR'; 66.6041181; 65.53498332; 1.1; 0.5; 0; 0; 20
'LEV'; 'GET'; 65.8902028; 67.39890809; 0.8; 1.2; 1; 2; 20
'LEV'; 'SAN'; 65.8902028; 64.5148463; 0.9; 1.0; 1; 1; 20
'LEV'; 'REA'; 66.26291482; 75.73173336; 1.0; 3.2; 2; 4; 10
'LEV'; 'RAY'; 66.391736; 65.01843324; 1.0; 1.3; 3; 5; 20
'LEV'; 'ESP'; 66.29278105; 66.22465429; 0.9; 1.6; 2; 1; 10
'LEV'; 'BET'; 66.29278105; 66.32437451; 1.1; 1.5; 3; 1; 20
'LEV'; 'MAL'; 66.04076439; 71.08304178; 1.3; 2.0; 0; 1; 10
'LEV'; 'VIL'; 66.16123517; 68.12056323; 1.2; 1.4; 1; 0; 20
'LEV'; 'SOC'; 66.43852634; 67.00409247; 1.3; 1.4; 3; 1; 10
'LEV'; 'OSA'; 66.16123517; 65.41653709; 1.6; 1.1; 0; 2; 20
'LEV'; 'VAL'; 66.35283864; 69.72015139; 1.6; 1.6; 1; 1; 10
'LEV'; 'AMA'; 66.29278105; 72.10099975; 1.6; 1.1; 2; 0; 20
'LEV'; 'SPG'; 66.26882203; 64.21633673; 1.7; 0.9; 2; 3; 10
'LEV'; 'BAR'; 66.35283864; 76.29358273; 1.7; 3.1; 1; 2; 20
'LEV'; 'SEV'; 66.17207346; 68.50680824; 1.5; 1.6; 1; 1; 10
'LEV'; 'GRA'; 66.35283864; 64.60716284; 1.4; 0.9; 3; 1; 20
'LEV'; 'ZAR'; 66.12564818; 64.99147755; 1.4; 1.0; 0; 1; 10
'LEV'; 'MAL'; 66.50793204; 64.80600968; 1.4; 1.1; 0; 1; 10
'LEV'; 'BIL'; 66.47367432; 69.11760671; 1.3; 0.7; 3; 0; 20
'LEV'; 'AMA'; 66.49737331; 71.18869155; 1.3; 1.4; 1; 1; 20
'LEV'; 'VAL'; 66.64790542; 65.19147419; 1.4; 1.8; 0; 2; 10
'LEV'; 'ESP'; 66.00067673; 64.9967917; 1.3; 1.1; 3; 2; 20
'LEV'; 'MAL'; 66.44842342; 69.37934137; 1.4; 1.1; 1; 3; 10
'LEV'; 'SOC'; 66.74387797; 66.62405139; 1.3; 1.2; 2; 1; 20
'LEV'; 'OSA'; 66.80676245; 64.02387093; 1.4; 1.0; 0; 4; 10
'LEV'; 'VAL'; 66.76864174; 69.398197; 1.3; 1.4; 1; 0; 20
'LEV'; 'GET'; 66.76864174; 67.48662314; 1.1; 0.9; 1; 0; 10
'LEV'; 'GRA'; 66.10327769; 66.00569645; 1.2; 0.8; 3; 1; 20
'LEV'; 'SEV'; 66.63747291; 69.33891691; 1.5; 1.3; 0; 0; 10
'LEV'; 'REA'; 66.76864174; 74.60099649; 1.2; 2.5; 1; 2; 20
'LEV'; 'COR'; 66.49420565; 66.22755518; 1.2; 1.6; 2; 0; 10
'LEV'; 'BAR'; 66.74387797; 76.62638309; 1.4; 3.2; 0; 4; 20
'LEV'; 'CEL'; 66.74387797; 64.9218956; 1.1; 1.2; 1; 1; 10
'LEV'; 'MAL'; 66.63386119; 65.60540642; 1.1; 1.3; 4; 0; 20
'LEV'; 'ZAR'; 66.86154404; 59.0793449; 1.3; 1.3; 1; 0; 10
'LEV'; 'RAY'; 66.8863078; 66.28479329999999; 1.4; 1.2; 0; 3; 10
'LEV'; 'BIL'; 66.67103455; 69.02440496; 1.3; 1.2; 3; 1; 20
'LEV'; 'BET'; 66.31269552; 65.66927888; 1.5; 1.6; 0; 2; 10
'LEV'; 'AMA'; 66.62181524; 70.40405645; 1.2; 1.8; 0; 2; 10
'LEV'; 'VAL'; 66.90829728; 64.03117688; 1.2; 1.5; 2; 1; 20
'LEV'; 'ESP'; 66.24293324; 67.0462713; 1.3; 1.1; 2; 3; 10
'LEV'; 'MAL'; 66.4157236; 69.97257137; 1.3; 1.1; 1; 2; 20
'LEV'; 'SOC'; 66.25637996; 68.14434720000001; 1.4; 2.1; 1; 1; 10
'LEV'; 'OSA'; 66.81912777; 64.57545364; 1.4; 0.8; 0; 2; 20
'LEV'; 'VAL'; 66.93555482; 70.05089529; 1.0; 1.4; 2; 2; 10
'LEV'; 'GET'; 66.20639229999999; 67.10341043; 1.1; 1.8; 0; 0; 20
'LEV'; 'GRA'; 66.21919837; 65.86403484; 1.1; 1.2; 1; 1; 10
'LEV'; 'SEV'; 66.45289696; 68.92828236; 0.9; 2.0; 1; 0; 20
'LEV'; 'REA'; 66.37505976; 74.64188098; 1.0; 2.7; 1; 5; 10
'LEV'; 'COR'; 66.77712845; 66.72160413; 1.1; 1.4; 0; 4; 20
'LEV'; 'BAR'; 66.7100525; 73.23528779; 0.9; 2.7; 0; 1; 10
'LEV'; 'CEL'; 66.69249189; 63.59822382; 0.7; 1.0; 0; 1; 20
'LEV'; 'MAL'; 66.86751208; 65.56431701; 0.6; 1.2; 1; 1; 10
'LEV'; 'ZAR'; 66.35898092; 58.170877100000006; 0.6; 1.2; 0; 0; 20
'LEV'; 'RAY'; 66.01182561; 64.87931916; 0.6; 0.9; 2; 3; 20
'LEV'; 'BIL'; 65.77688843; 68.98863261; 0.6; 1.1; 1; 0; 10
'LEV'; 'BET'; 66.01578306; 66.50534716; 0.7; 1.7; 1; 1; 20
'LEV'; 'BAR'; 65.48822875; 76.59824543; 0.7; 2.7; 0; 7; 10
'LEV'; 'SEV'; 65.60962702; 68.05479368; 0.6; 1.6; 0; 0; 20
'LEV'; 'RAY'; 65.60962702; 65.51908016; 0.5; 1.3; 2; 1; 10
'LEV'; 'SOC'; 65.3377956; 67.53389045; 0.7; 1.7; 0; 0; 20
'LEV'; 'ALM'; 66.39633201; 63.35251397; 0.7; 1.2; 2; 2; 10
'LEV'; 'VAL'; 66.58228243; 62.77963676; 0.9; 1.1; 1; 1; 20
'LEV'; 'OSA'; 65.77143556; 65.28820452; 0.9; 1.0; 1; 0; 10
'LEV'; 'REA'; 66.02502218; 74.42433352; 1.0; 2.2; 2; 3; 20
'LEV'; 'CEL'; 66.02502218; 64.08072936; 1.0; 1.1; 1; 0; 10
'LEV'; 'ESP'; 65.70770616; 65.83956213; 1.0; 1.2; 3; 0; 20
'LEV'; 'BET'; 65.9702406; 65.60246453; 1.2; 0.9; 0; 0; 10
'LEV'; 'GRA'; 66.20155951; 64.46630715; 1.2; 0.5; 0; 1; 20
'LEV'; 'BIL'; 65.38544459; 69.12445642; 1.2; 1.4; 1; 2; 10
'LEV'; 'VIL'; 66.52387212; 67.10173592; 1.1; 1.3; 0; 3; 20
'LEV'; 'GET'; 64.81617666; 65.70421428; 1.1; 1.3; 0; 1; 10
'LEV'; 'ELC'; 65.80852946; 65.73143523; 0.9; 1.1; 2; 1; 20
'LEV'; 'AMA'; 66.63466747; 72.52152542; 1.0; 2.5; 2; 3; 10
'LEV'; 'VAL'; 65.79484417; 68.87954016; 1.1; 1.4; 0; 2; 10
'LEV'; 'MAL'; 65.85067149; 66.93787012; 0.9; 0.8; 1; 0; 20
'LEV'; 'BAR'; 66.57988589; 75.64163168; 0.9; 2.5; 1; 1; 20
'LEV'; 'SEV'; 66.63466747; 69.07688091; 0.7; 2.0; 3; 2; 10
'LEV'; 'RAY'; 66.54863589; 65.31357522; 1.0; 1.3; 0; 0; 20
'LEV'; 'SOC'; 66.64741835; 67.78212609; 1.0; 2.4; 0; 0; 10
'LEV'; 'ALM'; 66.00868019; 63.87348561; 0.9; 0.9; 1; 0; 20
'LEV'; 'VAL'; 66.61813854; 62.57398883; 1.0; 1.5; 1; 1; 10
'LEV'; 'OSA'; 66.68234237; 63.90916283; 1.1; 1.3; 2; 0; 20
'LEV'; 'REA'; 66.3625625; 74.45050866; 1.1; 2.7; 0; 3; 10
'LEV'; 'CEL'; 66.35459401; 64.21666764; 0.9; 1.1; 0; 1; 20
'LEV'; 'ESP'; 66.001798; 66.05024034; 0.9; 1.0; 0; 0; 10
'LEV'; 'BET'; 65.87810192; 63.95823374; 0.8; 0.7; 1; 3; 20
'LEV'; 'GRA'; 66.53400265; 64.23490635; 0.8; 0.9; 2; 0; 10
'LEV'; 'BIL'; 65.24004383; 68.24865896; 0.7; 1.2; 1; 2; 20
'LEV'; 'VIL'; 66.35560411; 66.75540476; 0.8; 0.9; 0; 1; 10
'LEV'; 'GET'; 66.32435411; 66.55358991; 0.8; 0.7; 0; 0; 20
'LEV'; 'ELC'; 65.30988444; 64.74599438; 0.7; 0.5; 1; 1; 10
'LEV'; 'AMA'; 66.95007291; 71.70114019; 0.7; 1.6; 2; 0; 20
'LEV'; 'VAL'; 66.95007291; 68.78310393; 0.7; 0.9; 2; 0; 20
'LEV'; 'MAL'; 66.32042416; 66.73839323; 0.9; 1.2; 0; 1; 10
'LEV'; 'VIL'; 64.58626934; 68.14681875; 0.9; 1.2; 0; 2; 20
'LEV'; 'BIL'; 64.56699227; 68.43412589; 0.9; 1.4; 0; 3; 10
'LEV'; 'MAL'; 64.37429941; 65.5696702; 0.8; 1.1; 0; 0; 10
'LEV'; 'BAR'; 64.27528749; 74.80490126; 0.6; 1.7; 0; 5; 20
'LEV'; 'GRA'; 64.39255028; 63.80669933; 0.5; 0.7; 1; 0; 10
'LEV'; 'RAY'; 65.14855468; 66.43020487; 0.6; 1.5; 0; 2; 20
'LEV'; 'EIB'; 64.47893145; 62.30674554; 0.6; 0.833333333; 3; 3; 10
'LEV'; 'REA'; 64.65688485; 72.69410864; 0.8; 2.9; 0; 5; 20
'LEV'; 'CEL'; 65.22901995; 63.7481879; 0.6; 1.6; 0; 3; 10
'LEV'; 'ALM'; 65.8206608; 61.43918733; 0.4; 0.7; 2; 1; 20
'LEV'; 'SEV'; 66.60408326; 67.60489989; 0.6; 1.7; 1; 1; 10
'LEV'; 'VAL'; 66.17306832; 68.38002127; 0.7; 2.2; 2; 1; 20
'LEV'; 'ESP'; 66.04604047; 64.8652206; 0.9; 1.0; 1; 2; 10
'LEV'; 'GET'; 66.04604047; 64.32028580000001; 1.0; 0.8; 1; 1; 20
'LEV'; 'COR'; 65.65833994; 61.030733999999995; 1.1; 0.6; 0; 0; 10
'LEV'; 'SOC'; 65.65833994; 66.80240679; 1.0; 0.9; 1; 1; 20
'LEV'; 'AMA'; 65.79679122; 70.95655845; 1.1; 2.0; 1; 3; 10
'LEV'; 'COR'; 65.81018345; 64.90950071; 0.9; 0.5; 0; 0; 20
'LEV'; 'ELC'; 64.99724232; 64.40054569; 0.9; 1.0; 0; 1; 10
'LEV'; 'VIL'; 65.03185707; 67.17842738; 0.9; 1.9; 0; 1; 10
'LEV'; 'BIL'; 64.78694833; 67.89805344; 0.7; 0.9; 0; 2; 20
'LEV'; 'MAL'; 64.18770427; 65.26526468; 0.6; 1.0; 4; 1; 20
'LEV'; 'BAR'; 64.81928321; 73.20731795; 0.8; 3.2; 0; 5; 10
'LEV'; 'GRA'; 64.42356129; 64.09094813; 0.7; 0.7; 2; 1; 20
'LEV'; 'RAY'; 64.39428148; 65.99938623; 0.8; 0.8; 2; 4; 10
'LEV'; 'EIB'; 64.60442391; 63.29713196; 1.0; 0.6; 2; 1; 20
'LEV'; 'REA'; 64.18770427; 72.91255509999999; 1.1; 1.9; 0; 2; 10
'LEV'; 'CEL'; 65.34980156; 64.67586068; 1.0; 1.1; 0; 1; 20
'LEV'; 'ALM'; 64.65998228; 61.68448611; 1.0; 0.8; 4; 1; 10
'LEV'; 'SEV'; 65.43572454; 66.81747953; 1.4; 2.2; 1; 2; 20
'LEV'; 'VAL'; 65.04267777; 67.34078446; 1.5; 1.5; 0; 3; 10
'LEV'; 'ESP'; 64.23558244; 63.64010137; 1.5; 1.0; 2; 2; 20
'LEV'; 'GET'; 64.43250056; 64.62455906; 1.3; 1.0; 1; 0; 10
'LEV'; 'COR'; 65.16102775; 61.44446877; 1.4; 0.6; 1; 0; 20
'LEV'; 'SOC'; 64.39424791; 66.78997528; 1.3; 0.9; 0; 3; 10
'LEV'; 'AMA'; 64.71311727; 70.97021208; 1.1; 1.5; 2; 2; 20
'LEV'; 'COR'; 64.88427319; 65.34021091; 1.1; 0.4; 0; 2; 10
'LEV'; 'ELC'; 64.64706608; 63.88474483; 1.1; 1.2; 0; 0; 20
'LEV'; 'CEL'; 63.34917435; 64.73462155; 1.1; 1.8; 1; 2; 20
'LEV'; 'LAS'; 62.79544377; 56.36178133; 0.8; 0.0; 0; 0; 10
'LEV'; 'SEV'; 62.656072200000004; 67.45197863; 0.7; 1.6; 1; 1; 20
'LEV'; 'BAR'; 62.54324436; 71.19390214; 0.8; 2.7; 1; 4; 10
'LEV'; 'EIB'; 62.96929978; 62.3677956; 0.7; 1.1; 2; 2; 20
'LEV'; 'GET'; 62.23966522; 66.3077064; 0.8; 0.8; 0; 3; 10
'LEV'; 'VIL'; 62.8398235; 65.18539163; 0.7; 1.6; 1; 0; 20
'LEV'; 'REA'; 63.20585; 71.69919981; 0.8; 2.8; 0; 3; 10
'LEV'; 'SOC'; 62.64786546; 66.31952073; 0.6; 1.0; 0; 4; 20
'LEV'; 'VAL'; 64.26507315; 66.61674664; 0.6; 1.1; 0; 3; 10
'LEV'; 'COR'; 63.18450474; 65.99251798; 0.6; 1.5; 1; 1; 20
'LEV'; 'SPG'; 63.33450474; 63.38754371; 0.6; 1.1; 3; 0; 10
'LEV'; 'BET'; 63.67366068; 63.42848215; 0.9; 1.0; 0; 1; 20
'LEV'; 'ESP'; 63.63409152; 62.685661100000004; 0.8; 1.2; 1; 1; 10
'LEV'; 'GRA'; 63.33450474; 62.19598083; 0.8; 1.1; 1; 2; 20
'LEV'; 'BIL'; 63.58700091; 67.94730641; 0.7; 1.7; 0; 2; 10
'LEV'; 'MAL'; 64.31051201; 65.53315804; 0.7; 1.0; 0; 1; 20
'LEV'; 'AMA'; 62.10521323; 70.5041307; 0.6; 1.4; 0; 1; 10
'LEV'; 'RAY'; 63.97151636; 62.45957936; 0.6; 1.2; 2; 1; 20
'LEV'; 'CEL'; 63.18102095; 63.72244659; 0.8; 1.0; 3; 4; 10
'LEV'; 'LAS'; 63.15809471; 62.90935557; 1.1; 1.2; 3; 2; 20
'LEV'; 'SEV'; 63.68035114; 66.81261968; 1.3; 1.1; 1; 3; 10
'LEV'; 'BAR'; 64.23129619; 74.92245372; 1.1; 2.9; 0; 2; 20
'LEV'; 'EIB'; 64.75522266; 62.6850782; 1.1; 1.9; 0; 2; 10
'LEV'; 'GET'; 64.24206082; 65.32513049; 1.0; 1.1; 3; 0; 20
'LEV'; 'VIL'; 65.31269964; 65.09499065; 1.2; 1.1; 0; 3; 10
'LEV'; 'REA'; 63.9124731; 68.80790393; 1.2; 2.9; 1; 3; 20
'LEV'; 'SOC'; 63.00806606; 66.05309402; 1.3; 1.8; 1; 1; 10
'LEV'; 'VAL'; 64.95763028; 68.24165948; 1.4; 1.0; 1; 0; 20
'LEV'; 'COR'; 63.88699146; 65.58283463; 1.3; 1.1; 1; 2; 10
'LEV'; 'SPG'; 63.49126954; 62.40441537; 1.1; 1.0; 0; 0; 20
'LEV'; 'BET'; 64.91906387; 63.37740883; 0.8; 1.4; 0; 1; 10
'LEV'; 'ESP'; 65.8658929; 62.80936601; 0.7; 1.3; 2; 1; 20
'LEV'; 'GRA'; 65.64448238; 62.725387899999994; 0.9; 0.8; 1; 5; 10
'LEV'; 'BIL'; 63.94034568; 67.73199335; 1.0; 1.6; 2; 2; 20
'LEV'; 'MAL'; 63.62828428; 64.77298917; 0.9; 0.9; 1; 3; 10
'LEV'; 'AMA'; 64.6571422; 69.20850576; 1.0; 2.4; 2; 1; 20
'LEV'; 'RAY'; 64.10459667; 62.05854342; 1.1; 1.2; 1; 3; 10
