'SEV'; 'SAN'; 68.81870488; 67.07145422; 0.0; 0.0; 1; 1; 10
'SEV'; 'SPG'; 68.99559349; 62.3219586; 1.0; 1.0; 4; 3; 20
'SEV'; 'BET'; 68.28777981; 65.46389074; 2.5; 0.0; 0; 0; 10
'SEV'; 'ESP'; 69.97473972; 65.71350881; 1.6666666669999999; 1.0; 2; 0; 20
'SEV'; 'AMA'; 67.48313133; 70.60201173; 1.75; 2.75; 1; 0; 10
'SEV'; 'BIL'; 69.55763586; 68.77742105; 1.6; 0.8; 4; 0; 20
'SEV'; 'ALM'; 68.51351008; 64.69230904; 2.0; 1.5; 1; 0; 10
'SEV'; 'MAL'; 68.8924521; 64.26873484; 1.857142857; 1.2; 0; 1; 20
'SEV'; 'VAL'; 69.39448651; 66.54882493; 1.625; 1.7; 2; 3; 10
'SEV'; 'HUE'; 69.44729726; 51.71892532; 1.6666666669999999; 0.5555555560000001; 1; 0; 20
'SEV'; 'GET'; 68.53116139; 60.97825397; 1.6; 1.0; 2; 0; 10
'SEV'; 'VAL'; 68.95149639; 70.97603213; 1.7; 1.6; 0; 0; 20
'SEV'; 'BAR'; 68.78729589; 76.4312131; 1.3; 3.6; 0; 3; 20
'SEV'; 'REA'; 69.83926765; 74.15849472; 1.3; 2.3; 4; 3; 10
'SEV'; 'VIL'; 69.98699492; 70.46280033; 1.5; 2.0; 1; 0; 20
'SEV'; 'MAL'; 69.08161618; 65.94512022; 1.5; 1.5; 0; 0; 10
'SEV'; 'OSA'; 70.5155873; 65.82115378; 1.1; 1.4; 1; 1; 20
'SEV'; 'COR'; 67.56757698; 67.98794304; 1.1; 1.7; 3; 1; 10
'SEV'; 'NUM'; 68.78617329; 62.47210921; 1.4; 1.7; 1; 0; 20
'SEV'; 'SAN'; 70.02092916; 66.4554153; 1.3; 1.2; 0; 2; 20
'SEV'; 'SPG'; 68.18041297; 56.97691997; 1.2; 1.1; 0; 1; 10
'SEV'; 'BET'; 69.28406373; 65.46592675; 1.0; 1.1; 1; 2; 20
'SEV'; 'ESP'; 68.40396442; 66.1191734; 1.1; 1.0; 2; 0; 10
'SEV'; 'AMA'; 68.41268740000001; 69.09604457; 1.3; 2.0; 1; 0; 20
'SEV'; 'BIL'; 68.68452518; 58.77708734; 1.0; 1.8; 2; 1; 10
'SEV'; 'ALM'; 69.61335259; 64.77772135; 1.1; 1.6; 2; 1; 20
'SEV'; 'MAL'; 70.10520009; 64.04882142; 1.3; 1.8; 2; 2; 10
'SEV'; 'VAL'; 70.26740548; 65.93483136; 1.4; 1.2; 4; 1; 20
'SEV'; 'HUE'; 69.34278671; 63.0263811; 1.5; 1.2; 1; 0; 10
'SEV'; 'GET'; 70.01502453; 67.64972643; 1.5; 1.5; 0; 1; 20
'SEV'; 'VAL'; 69.82460489; 72.28744109; 1.5; 1.5; 1; 3; 10
'SEV'; 'BAR'; 69.31508604; 75.50076939; 1.6; 2.3; 0; 4; 10
'SEV'; 'REA'; 68.80642308; 73.81888433; 1.5; 2.8; 2; 4; 20
'SEV'; 'VIL'; 69.7046386; 69.42099028; 1.5; 1.3; 2; 0; 10
'SEV'; 'MAL'; 70.50770268; 66.49144061; 1.6; 1.8; 3; 1; 20
'SEV'; 'OSA'; 69.70418744; 60.51872541; 1.7; 1.2; 0; 0; 10
'SEV'; 'COR'; 70.65315723; 67.21773325; 1.5; 1.3; 1; 0; 20
'SEV'; 'NUM'; 66.93465016; 49.69060392; 1.4; 1.0; 2; 0; 10
'SEV'; 'VAL'; 70.15607986; 70.12957469; 1.2; 1.0; 0; 2; 10
'SEV'; 'ZAR'; 70.41817221; 66.89766571; 1.1; 1.0; 4; 1; 20
'SEV'; 'OSA'; 68.79164438; 59.68434285; 1.5; 0.9; 2; 0; 10
'SEV'; 'MAL'; 70.48525994; 65.77476846; 1.6; 1.7; 2; 0; 20
'SEV'; 'BIL'; 69.54947347; 68.29716049; 1.8; 1.0; 4; 0; 10
'SEV'; 'REA'; 70.25573905; 75.04610562; 2.0; 2.2; 2; 1; 20
'SEV'; 'COR'; 69.56414883; 65.98684846; 2.0; 1.4; 0; 1; 10
'SEV'; 'ESP'; 69.03626301; 67.48769496; 1.7; 1.4; 0; 0; 20
'SEV'; 'XER'; 69.44554872; 63.33693877; 1.7; 0.375; 2; 0; 10
'SEV'; 'VIL'; 70.10897016; 68.79209093; 1.8; 1.5; 3; 2; 20
'SEV'; 'TEN'; 68.90388206; 61.42660852; 1.9; 0.7; 2; 1; 10
'SEV'; 'MAL'; 69.44554872; 64.78371017; 2.1; 1.5; 2; 2; 20
'SEV'; 'VAL'; 69.39369377; 66.3181484; 1.9; 2.0; 1; 1; 20
'SEV'; 'SPG'; 69.70774246; 59.00332589999999; 1.8; 1.1; 1; 0; 10
'SEV'; 'GET'; 69.93030785; 67.25315617; 1.7; 1.6; 1; 2; 20
'SEV'; 'AMA'; 69.42471622; 68.75562559999999; 1.4; 1.4; 1; 2; 10
'SEV'; 'SAN'; 68.84096977; 66.38098766; 1.3; 1.2; 1; 2; 20
'SEV'; 'BAR'; 68.18767322; 77.69976205; 1.4; 2.5; 0; 4; 10
'SEV'; 'ALM'; 69.69657459; 64.90606374; 1.4; 1.1; 1; 0; 20
'SEV'; 'VAL'; 70.19536747; 70.47291529; 1.3; 1.1; 2; 1; 20
'SEV'; 'ZAR'; 68.31904095; 65.75059472; 1.2; 0.9; 1; 2; 10
'SEV'; 'OSA'; 70.44946484; 66.00859184; 1.1; 0.9; 1; 0; 20
'SEV'; 'MAL'; 69.45751920000001; 67.04528297; 1.0; 1.1; 3; 1; 10
'SEV'; 'BIL'; 69.06647528; 68.26389026; 1.2; 1.5; 0; 0; 20
'SEV'; 'REA'; 69.34995740000001; 74.87645688; 1.1; 3.0; 2; 3; 10
'SEV'; 'COR'; 70.2119161; 66.73175947; 1.2; 1.0; 1; 1; 20
'SEV'; 'ESP'; 70.08986719; 65.87199723; 1.2; 0.9; 0; 2; 10
'SEV'; 'XER'; 68.68628684; 57.487719299999995; 1.1; 1.3; 1; 1; 20
'SEV'; 'VIL'; 69.70428707; 69.67144809; 1.2; 1.3; 0; 3; 10
'SEV'; 'TEN'; 69.28712963; 61.47297806; 1.1; 1.3; 3; 0; 20
'SEV'; 'MAL'; 69.67971308; 51.11538041; 1.2; 0.8; 2; 1; 10
'SEV'; 'VAL'; 69.45957581; 65.63340279; 1.3; 1.0; 1; 2; 10
'SEV'; 'SPG'; 70.23560395; 57.14390068; 1.3; 1.1; 3; 0; 20
'SEV'; 'GET'; 69.87575546; 66.79941378; 1.3; 1.7; 3; 4; 10
'SEV'; 'AMA'; 70.47958459; 63.181566700000005; 1.6; 1.5; 3; 1; 20
'SEV'; 'SAN'; 70.63572095; 65.42430369; 1.7; 1.4; 5; 1; 10
'SEV'; 'BAR'; 70.63572095; 75.966526; 2.1; 2.7; 2; 3; 20
'SEV'; 'ALM'; 69.9103599; 57.62652613; 2.3; 1.1; 3; 2; 10
'SEV'; 'LEV'; 69.40662407; 58.52955107; 2.5; 0.0; 4; 1; 10
'SEV'; 'COR'; 71.09072902; 65.00997999; 2.9; 0.3; 0; 0; 20
'SEV'; 'MAL'; 68.25807103; 65.672499; 2.6; 1.3; 2; 1; 10
'SEV'; 'SAN'; 68.25288936; 66.53753191; 2.6; 1.3; 1; 1; 20
'SEV'; 'HER'; 68.10700236; 63.22996633; 2.6; 0.75; 0; 2; 10
'SEV'; 'AMA'; 69.72013223; 69.50208990000002; 2.3; 1.7; 3; 1; 20
'SEV'; 'SPG'; 69.14139944; 65.05861170000001; 2.3; 0.9; 0; 2; 10
'SEV'; 'BIL'; 69.47338737; 67.79989065; 2.0; 1.5; 4; 3; 20
'SEV'; 'BAR'; 68.75452364; 77.33666681; 1.9; 2.1; 0; 5; 10
'SEV'; 'VAL'; 68.81303696; 71.20748359999999; 1.7; 1.5; 2; 0; 20
'SEV'; 'ZAR'; 68.88163503; 65.40961008; 1.6; 1.0; 2; 1; 10
'SEV'; 'MAL'; 68.55130173; 65.4979267; 1.4; 0.9; 1; 2; 20
'SEV'; 'GET'; 69.67868494; 66.89891537; 1.5; 1.1; 1; 3; 20
'SEV'; 'VIL'; 68.31722601; 69.7344423; 1.4; 2.0; 0; 1; 10
'SEV'; 'ALM'; 69.12193928; 64.88517316; 1.3; 0.8; 1; 3; 20
'SEV'; 'REA'; 69.6422431; 75.82931394; 1.4; 3.2; 0; 1; 10
'SEV'; 'OSA'; 70.12839273; 65.60755096; 1.1; 1.1; 1; 0; 20
'SEV'; 'SOC'; 70.63221391; 64.71233001; 1.2; 1.6; 3; 2; 10
'SEV'; 'ESP'; 69.9659635; 67.33356437; 1.1; 1.5; 1; 2; 20
'SEV'; 'LEV'; 69.62801571; 64.33921213; 1.2; 1.0; 4; 1; 20
'SEV'; 'COR'; 69.50771812; 65.71772538; 1.4; 0.7; 3; 3; 10
'SEV'; 'MAL'; 69.53700938; 67.65096254; 1.5; 1.4; 0; 0; 20
'SEV'; 'SAN'; 69.9428395; 66.4084493; 1.4; 0.7; 2; 3; 10
'SEV'; 'HER'; 70.6785872; 57.64740260000001; 1.5; 1.0; 1; 0; 20
'SEV'; 'AMA'; 69.80200034; 71.18331191; 1.6; 1.1; 2; 2; 10
'SEV'; 'SPG'; 69.80200034; 63.50697582; 1.7; 1.1; 3; 0; 20
'SEV'; 'BIL'; 70.48192297; 67.72679999; 2.0; 1.5; 0; 2; 10
'SEV'; 'BAR'; 69.88499412; 76.19919359; 1.9; 2.5; 1; 1; 20
'SEV'; 'VAL'; 69.88806095; 69.60047438; 1.7; 1.5; 1; 0; 10
'SEV'; 'ZAR'; 70.46192297; 64.94350208; 1.7; 1.1; 3; 1; 20
'SEV'; 'MAL'; 69.28018192; 65.66583304; 1.6; 1.1; 2; 2; 10
'SEV'; 'GET'; 68.08576889; 66.42211607; 1.5; 1.3; 0; 1; 10
'SEV'; 'VIL'; 68.53177881; 67.91508639; 1.5; 0.8; 3; 2; 20
'SEV'; 'ALM'; 69.28018192; 64.88916965; 1.6; 0.9; 1; 0; 10
'SEV'; 'REA'; 68.98520495; 76.10732728; 1.6; 2.6; 2; 6; 20
'SEV'; 'OSA'; 67.75002905; 65.72190206; 1.6; 1.5; 2; 3; 10
'SEV'; 'SOC'; 68.44255555; 64.87959793; 1.5; 1.0; 3; 1; 20
'SEV'; 'ESP'; 68.05160015; 65.07151639; 1.8; 0.9; 3; 2; 10
'SEV'; 'MAL'; 69.75610339; 70.28904649; 2.0; 1.6; 2; 1; 20
'SEV'; 'VIL'; 69.64761854; 69.08656896; 2.1; 0.6; 2; 2; 10
'SEV'; 'SOC'; 69.79565428; 66.32837008; 2.0; 1.3; 1; 0; 20
'SEV'; 'OSA'; 68.73094752; 63.83957368; 1.9; 1.1; 0; 0; 10
'SEV'; 'VAL'; 70.369899; 69.49615398; 1.9; 1.8; 1; 0; 20
'SEV'; 'AMA'; 69.46551216; 71.54755035; 1.7; 1.6; 0; 0; 10
'SEV'; 'SPG'; 69.75610339; 65.26467173; 1.6; 0.6; 2; 1; 20
'SEV'; 'BAR'; 68.74436284; 75.77877049; 1.6; 3.0; 0; 0; 10
'SEV'; 'SAN'; 68.7189958; 64.15876051; 1.4; 0.6; 2; 2; 20
'SEV'; 'GRA'; 70.16124663; 65.24497839; 1.3; 0.222222222; 1; 2; 20
'SEV'; 'MAL'; 69.86735534; 65.499841; 1.1; 1.0; 0; 0; 10
'SEV'; 'BIL'; 70.22160511; 68.96037174; 0.9; 1.6; 1; 2; 20
'SEV'; 'ZAR'; 69.2904301; 65.48457752; 0.8; 1.2; 1; 0; 10
'SEV'; 'GET'; 69.2904301; 66.93692073; 0.8; 1.1; 3; 0; 20
'SEV'; 'LEV'; 69.26718691; 66.07379747; 1.1; 1.9; 0; 1; 10
'SEV'; 'REA'; 69.86231615; 75.50217981; 1.0; 3.4; 2; 6; 20
'SEV'; 'RAY'; 68.58427191; 65.18947597; 1.2; 1.1; 1; 2; 10
'SEV'; 'ESP'; 69.52414346; 64.59842675; 1.1; 1.2; 0; 0; 20
'SEV'; 'BET'; 68.97278526; 65.34837879999999; 1.1; 1.1; 1; 1; 10
'SEV'; 'MAL'; 69.51996749; 69.87786612; 1.0; 0.6; 1; 2; 10
'SEV'; 'VIL'; 69.84355055; 69.44502717; 1.0; 0.9; 1; 2; 20
'SEV'; 'SOC'; 68.57206109999998; 67.35840284; 1.1; 1.4; 0; 2; 10
'SEV'; 'OSA'; 70.79755469; 64.78524973; 1.0; 1.2; 2; 0; 20
'SEV'; 'VAL'; 71.09648517; 69.47449119; 1.1; 1.5; 2; 1; 10
'SEV'; 'AMA'; 71.09648517; 70.91808775; 1.0; 1.2; 1; 1; 20
'SEV'; 'SPG'; 69.74118449; 63.14087872; 1.1; 0.8; 0; 1; 10
'SEV'; 'BAR'; 70.32436343; 76.59498306; 0.9; 2.5; 0; 2; 20
'SEV'; 'SAN'; 69.62954949; 63.99855561; 0.8; 1.0; 3; 0; 10
'SEV'; 'GRA'; 70.03644099; 64.31736375; 1.1; 1.5; 3; 0; 10
'SEV'; 'MAL'; 69.69652004; 66.05693638; 1.3; 1.6; 3; 1; 20
'SEV'; 'BIL'; 70.35179658; 69.24661104; 1.5; 1.4; 0; 1; 10
'SEV'; 'ZAR'; 69.31015641; 65.11401872; 1.4; 1.2; 3; 0; 20
'SEV'; 'GET'; 68.66446876; 65.85306507; 1.7; 1.1; 1; 5; 10
'SEV'; 'LEV'; 68.50680824; 66.17207346; 1.6; 1.5; 1; 1; 20
'SEV'; 'REA'; 68.17143596; 75.83446396; 1.5; 2.9; 0; 3; 10
'SEV'; 'BET'; 68.55680824; 66.03866023; 1.4; 1.3; 1; 2; 20
'SEV'; 'RAY'; 68.38698893; 64.44217056; 1.5; 1.3; 5; 2; 20
'SEV'; 'ESP'; 68.66023211; 66.57396278; 2.0; 1.0; 1; 1; 10
'SEV'; 'GET'; 70.74802327; 67.55363224; 1.8; 1.2; 2; 1; 20
'SEV'; 'GRA'; 70.74802327; 65.29401198; 1.7; 0.8; 1; 1; 10
'SEV'; 'RAY'; 70.29229884; 65.67851509; 1.5; 1.4; 0; 0; 10
'SEV'; 'REA'; 70.10866247; 76.17563429; 1.5; 2.6; 1; 0; 20
'SEV'; 'COR'; 69.67500154; 66.25631579; 1.3; 1.1; 2; 0; 10
'SEV'; 'BAR'; 69.67500154; 76.25656674; 1.4; 3.2; 2; 3; 20
'SEV'; 'CEL'; 67.95324570000001; 64.23307981; 1.5; 1.166666667; 0; 2; 10
'SEV'; 'MAL'; 69.48098604; 64.80670512; 1.5; 1.5; 3; 2; 20
'SEV'; 'ZAR'; 69.49486686; 65.28389035; 1.7; 1.1; 1; 2; 10
'SEV'; 'LEV'; 69.33891691; 66.63747291; 1.3; 1.5; 0; 0; 20
'SEV'; 'BIL'; 69.23949308; 69.20379719; 1.2; 1.4; 1; 2; 10
'SEV'; 'BET'; 70.06520149; 65.97790533; 1.1; 1.3; 5; 1; 20
'SEV'; 'AMA'; 69.56854663; 72.48154225; 1.5; 2.0; 0; 4; 10
'SEV'; 'VAL'; 69.26069746; 65.24214839999999; 1.5; 1.2; 1; 2; 20
'SEV'; 'ESP'; 70.00498736; 65.27104150000001; 1.5; 0.6; 2; 2; 10
'SEV'; 'MAL'; 69.82523529; 69.76255952; 1.5; 1.2; 0; 2; 20
'SEV'; 'SOC'; 69.66354040000002; 68.29234185; 1.3; 1.4; 1; 2; 10
'SEV'; 'OSA'; 70.13795541; 64.82897095; 1.4; 0.7; 1; 0; 20
'SEV'; 'VAL'; 70.13795541; 70.68847708; 1.2; 1.5; 0; 2; 10
'SEV'; 'GET'; 69.54540990000001; 67.02151984; 1.1; 1.4; 1; 1; 10
'SEV'; 'GRA'; 68.57573319; 65.88628649; 1.2; 0.9; 3; 0; 20
'SEV'; 'RAY'; 69.64723769999999; 65.85210816; 1.4; 1.4; 2; 1; 20
'SEV'; 'REA'; 69.4931819; 75.04056927; 1.1; 2.2; 1; 4; 10
'SEV'; 'COR'; 69.39671211; 65.82097273; 1.2; 0.8; 3; 1; 20
'SEV'; 'BAR'; 69.23673271; 75.40609674; 1.4; 3.2; 1; 2; 10
'SEV'; 'CEL'; 68.75203198; 64.70215824; 1.3; 0.8; 4; 1; 20
'SEV'; 'MAL'; 68.69303622; 64.94446667; 1.7; 0.8; 1; 2; 10
'SEV'; 'ZAR'; 69.35735989; 64.56051113; 1.7; 0.5; 4; 0; 20
'SEV'; 'LEV'; 68.92828236; 66.45289696; 2.0; 0.9; 0; 1; 10
'SEV'; 'BIL'; 68.39240631; 69.16032513; 2.0; 1.0; 2; 1; 20
'SEV'; 'BET'; 69.07939986; 66.03225663; 2.1; 1.3; 3; 3; 10
'SEV'; 'AMA'; 68.47521527; 71.79569909; 2.1; 1.4; 0; 1; 20
'SEV'; 'VAL'; 68.78716690000002; 64.91013810000001; 1.9; 2.1; 1; 1; 10
'SEV'; 'ESP'; 68.77527516; 66.32524173; 1.9; 1.2; 3; 0; 20
'SEV'; 'MAL'; 68.37770215; 69.70687387; 1.9; 1.2; 0; 0; 10
'SEV'; 'SOC'; 68.37770215; 68.01309259; 1.8; 2.3; 1; 2; 20
'SEV'; 'OSA'; 68.61963232; 65.22255066; 1.5; 0.7; 1; 2; 10
'SEV'; 'VAL'; 68.458724; 69.48330862; 1.5; 1.8; 4; 3; 20
'SEV'; 'AMA'; 68.12867812; 72.2532897; 1.5; 1.5; 1; 3; 20
'SEV'; 'LEV'; 68.05479368; 65.60962702; 1.6; 0.6; 0; 0; 10
'SEV'; 'MAL'; 67.26418199999999; 66.19828465; 1.4; 1.2; 2; 2; 20
'SEV'; 'BAR'; 66.89956288; 76.17780259999999; 1.3; 2.8; 2; 3; 10
'SEV'; 'VAL'; 67.36950423; 70.03815241; 1.5; 1.0; 1; 3; 10
'SEV'; 'RAY'; 67.49172588; 65.34444347; 1.5; 1.1; 4; 1; 20
'SEV'; 'SOC'; 66.86918713; 68.07399718; 1.6; 1.3; 1; 1; 10
'SEV'; 'ALM'; 67.33946829; 63.25369974; 1.7; 1.4; 2; 1; 20
'SEV'; 'VAL'; 67.27408054; 63.37828558; 1.8; 1.1; 2; 2; 10
'SEV'; 'OSA'; 67.69514861; 64.49684588; 1.9; 0.8; 2; 1; 20
'SEV'; 'REA'; 67.41892483; 73.76470793; 1.7; 2.0; 3; 7; 10
'SEV'; 'CEL'; 67.69514861; 63.86211271; 1.9; 1.1; 0; 1; 20
'SEV'; 'ESP'; 67.34921513; 64.79870667; 1.9; 0.7; 3; 1; 10
'SEV'; 'BET'; 68.18588932; 64.67334245; 2.0; 1.0; 4; 0; 20
'SEV'; 'GRA'; 68.24204874; 63.81110937; 2.2; 0.8; 2; 1; 10
'SEV'; 'BIL'; 67.47035486; 68.66910663; 2.3; 1.3; 1; 1; 20
'SEV'; 'VIL'; 68.35285493; 67.06392047; 2.0; 1.4; 2; 1; 10
'SEV'; 'GET'; 69.09636143; 66.21180786; 2.1; 1.1; 3; 0; 20
'SEV'; 'ELC'; 68.79091687; 64.36865094; 2.2; 0.8; 1; 1; 10
'SEV'; 'AMA'; 68.04037575; 72.38577396; 2.1; 2.6; 1; 1; 10
'SEV'; 'LEV'; 69.07688091; 66.63466747; 2.0; 0.7; 2; 3; 20
'SEV'; 'MAL'; 68.40653736; 67.29794848; 1.9; 0.8; 2; 3; 10
'SEV'; 'BAR'; 67.98252451; 74.55635074; 2.1; 2.5; 1; 4; 20
'SEV'; 'VAL'; 68.42673938; 68.81200769; 1.9; 1.6; 0; 0; 20
'SEV'; 'RAY'; 67.7518382; 66.28290428; 1.5; 1.2; 1; 0; 10
'SEV'; 'SOC'; 68.21336481; 66.39706524; 1.4; 2.1; 1; 0; 20
'SEV'; 'ALM'; 67.68970658; 63.67980972; 1.4; 0.9; 3; 1; 10
'SEV'; 'VAL'; 68.07662244; 62.49737569; 1.5; 1.3; 4; 1; 20
'SEV'; 'OSA'; 67.76371099; 64.08832458; 1.6; 0.9; 2; 1; 10
'SEV'; 'REA'; 68.75578419; 73.27197156; 1.7; 2.7; 2; 1; 20
'SEV'; 'CEL'; 68.23321925; 64.65261211; 1.8; 1.0; 0; 1; 10
'SEV'; 'ESP'; 67.86573725; 64.09632603; 1.6; 0.9; 4; 1; 20
'SEV'; 'BET'; 68.2824094; 63.95011891; 1.8; 0.8; 2; 0; 10
'SEV'; 'GRA'; 68.62124783; 63.69746275; 1.9; 1.0; 4; 0; 20
'SEV'; 'BIL'; 67.67408591; 69.14046803; 2.3; 1.6; 1; 3; 10
'SEV'; 'VIL'; 67.33779325; 67.20703895; 2.3; 0.8; 0; 0; 20
'SEV'; 'GET'; 63.11381484; 66.73448644; 2.2; 0.9; 0; 1; 10
'SEV'; 'ELC'; 65.74163854; 62.87107373; 1.9; 0.5; 3; 1; 20
'SEV'; 'VAL'; 67.38797452; 68.19046207; 1.8; 1.1; 1; 1; 20
'SEV'; 'ESP'; 66.89778313; 65.05403165; 1.7; 1.0; 2; 1; 10
'SEV'; 'GET'; 66.59418219; 65.57730774; 1.7; 1.1; 2; 0; 20
'SEV'; 'COR'; 66.59418219; 61.53522660000001; 1.9; 1.1; 3; 1; 10
'SEV'; 'SOC'; 68.06157957; 65.93534282; 1.8; 1.5; 1; 0; 20
'SEV'; 'AMA'; 67.45255082; 71.24127299999999; 1.7; 1.2; 0; 4; 10
'SEV'; 'COR'; 67.94632163; 65.05274156; 1.3; 0.9; 4; 1; 20
'SEV'; 'ELC'; 67.49484788; 63.04997120000001; 1.6; 0.9; 2; 0; 10
'SEV'; 'VIL'; 68.04016257; 67.27462514; 1.8; 1.8; 2; 1; 20
'SEV'; 'BIL'; 67.46619176; 68.24844548; 2.0; 0.6; 0; 1; 10
'SEV'; 'LEV'; 67.60489989; 66.60408326; 1.7; 0.6; 1; 1; 20
'SEV'; 'BAR'; 67.31802174; 75.15705592; 1.7; 2.2; 1; 5; 10
'SEV'; 'GRA'; 67.82970658; 64.40817628; 1.6; 0.3; 5; 1; 20
'SEV'; 'RAY'; 68.39631815; 64.55335745; 1.9; 1.2; 1; 0; 10
'SEV'; 'EIB'; 68.06548543; 62.92518529; 1.7; 1.5; 0; 0; 20
'SEV'; 'CEL'; 68.08396035; 64.4138869; 1.6; 0.6; 1; 0; 20
'SEV'; 'ALM'; 68.40239347; 61.08060148; 1.7; 0.8; 2; 0; 10
'SEV'; 'MAL'; 67.94512279; 64.9193915; 1.5; 1.5; 2; 0; 20
'SEV'; 'VAL'; 67.7891753; 68.21215149; 1.5; 1.5; 1; 3; 10
'SEV'; 'ESP'; 66.97803194; 64.98786719; 1.4; 1.5; 3; 2; 20
'SEV'; 'REA'; 67.54926865; 74.40811033; 1.7; 3.1; 1; 2; 10
'SEV'; 'GET'; 67.09883582; 65.05998581; 1.7; 0.8; 1; 2; 10
'SEV'; 'COR'; 67.92050693; 62.72530638; 1.7; 1.0; 3; 0; 20
'SEV'; 'SOC'; 66.21289574; 67.12444816; 1.5; 0.9; 3; 4; 10
'SEV'; 'AMA'; 66.49225483; 71.45667234; 1.7; 2.3; 0; 0; 20
'SEV'; 'COR'; 66.53438495; 64.85920738; 1.7; 0.6; 4; 3; 10
'SEV'; 'ELC'; 67.21861715; 64.31461014; 2.0; 1.0; 3; 0; 20
'SEV'; 'VIL'; 66.68611386; 66.40566838; 2.1; 1.4; 2; 0; 10
'SEV'; 'BIL'; 67.30273834; 67.52655013; 2.1; 1.2; 2; 0; 20
'SEV'; 'LEV'; 66.81747953; 65.43572454; 2.2; 1.4; 2; 1; 10
'SEV'; 'BAR'; 67.30273834; 75.21920468; 2.1; 3.1; 2; 2; 20
'SEV'; 'GRA'; 66.5884262; 64.8546914; 2.2; 0.6; 1; 1; 10
'SEV'; 'RAY'; 66.92004704; 64.49957029; 2.2; 1.6; 2; 0; 20
'SEV'; 'EIB'; 66.97245941; 62.87323739; 2.1; 0.3; 3; 1; 10
'SEV'; 'REA'; 67.10301877; 73.61435209; 2.1; 2.8; 2; 3; 20
'SEV'; 'CEL'; 65.54708697; 63.66563427; 2.3; 1.6; 1; 1; 10
'SEV'; 'ALM'; 66.72371254; 61.69048839; 2.0; 1.0; 2; 1; 20
'SEV'; 'MAL'; 67.52893377; 66.13630021; 1.9; 0.9; 3; 2; 10
'SEV'; 'MAL'; 68.76569474; 65.5240664; 2.0; 1.1; 0; 0; 10
'SEV'; 'AMA'; 68.96072193; 70.58593494; 1.8; 1.3; 0; 3; 20
'SEV'; 'LEV'; 67.45197863; 62.656072200000004; 1.6; 0.7; 1; 1; 10
'SEV'; 'CEL'; 66.94612412; 64.86257699; 1.5; 1.9; 1; 2; 20
'SEV'; 'LAS'; 66.39719024; 62.71450861; 1.5; 0.75; 0; 2; 10
'SEV'; 'RAY'; 67.06002227; 63.92477048; 1.3; 1.2; 3; 2; 20
'SEV'; 'BAR'; 66.24706863; 71.45454513; 1.3; 2.4; 2; 1; 20
'SEV'; 'EIB'; 67.12044525; 62.43802101; 1.3; 1.4; 1; 1; 10
'SEV'; 'GET'; 67.92047704; 65.56063091; 1.3; 1.4; 5; 0; 20
'SEV'; 'VIL'; 67.46345224; 65.89658394; 1.6; 1.3; 1; 2; 10
'SEV'; 'REA'; 68.18252814; 72.73628105; 1.4; 2.4; 3; 2; 20
'SEV'; 'SOC'; 67.539671; 66.14375206; 1.7; 1.2; 0; 2; 10
'SEV'; 'VAL'; 67.33561644; 67.02013459; 1.7; 1.6; 1; 0; 20
'SEV'; 'COR'; 66.8901619; 65.05875707; 1.7; 1.6; 1; 1; 10
'SEV'; 'SPG'; 66.61743463; 62.61065571; 1.7; 1.2; 2; 0; 20
'SEV'; 'BET'; 67.86787963; 64.78527146; 1.9; 1.0; 0; 0; 10
'SEV'; 'ESP'; 67.54060691; 62.50197177; 1.6; 1.0; 2; 0; 20
'SEV'; 'GRA'; 67.07006381; 63.0501944; 1.6; 1.3; 1; 2; 10
'SEV'; 'BIL'; 66.60313478; 66.70022016; 1.6; 1.7; 2; 0; 20
'SEV'; 'MAL'; 67.41598509; 66.91846489; 1.3; 0.9; 2; 1; 20
'SEV'; 'AMA'; 67.19570537; 69.62945224; 1.4; 1.5; 0; 0; 10
'SEV'; 'LEV'; 66.81261968; 63.68035114; 1.1; 1.3; 3; 1; 20
'SEV'; 'CEL'; 67.95423857; 62.85165154; 1.4; 1.1; 1; 1; 10
'SEV'; 'LAS'; 67.92365864; 63.22278913; 1.4; 1.3; 2; 0; 20
'SEV'; 'RAY'; 66.82657287; 63.72610295; 1.5; 1.7; 2; 2; 10
'SEV'; 'BAR'; 66.27239329999999; 72.96897151; 1.5; 3.1; 1; 2; 10
'SEV'; 'EIB'; 67.74242525; 61.85990263; 1.6; 2.1; 1; 0; 20
'SEV'; 'GET'; 66.20611362; 58.29003585; 1.5; 0.8; 1; 1; 10
'SEV'; 'VIL'; 68.30411356; 66.16090446; 1.5; 0.9; 4; 2; 20
'SEV'; 'REA'; 65.77929845; 71.71238162; 1.7; 3.1; 0; 4; 10
'SEV'; 'SOC'; 67.35878873; 66.21064682; 1.5; 1.4; 1; 2; 20
'SEV'; 'VAL'; 67.64707503; 68.39724158; 1.6; 0.8; 1; 2; 10
'SEV'; 'COR'; 67.34253471; 65.01614932; 1.4; 1.1; 1; 1; 20
'SEV'; 'SPG'; 67.25343697; 63.04153658; 1.4; 0.7; 1; 2; 10
'SEV'; 'BET'; 67.58837069; 63.74122423; 1.3; 1.3; 2; 0; 20
'SEV'; 'ESP'; 61.72119835; 62.17474765; 1.3; 1.3; 0; 1; 10
'SEV'; 'GRA'; 64.8524821; 63.72917578; 1.2; 1.5; 1; 4; 20
'SEV'; 'BIL'; 57.24306045; 66.67362505; 1.2; 1.3; 1; 3; 10
