'GET'; 'SPG'; 67.10559561; 56.2241422; 0.0; 0.0; 2; 1; 10
'GET'; 'BET'; 66.37825959; 65.12035927; 2.0; 0.0; 0; 0; 20
'GET'; 'ESP'; 66.09188709; 66.36026564; 1.0; 1.0; 1; 1; 10
'GET'; 'AMA'; 66.02538878; 69.76472598; 1.0; 3.0; 1; 2; 20
'GET'; 'BIL'; 66.01207319; 67.20368367; 1.0; 1.0; 1; 0; 10
'GET'; 'ALM'; 66.23582649; 65.13273818; 1.0; 1.4; 2; 2; 20
'GET'; 'MAL'; 67.5359075; 64.44009126; 1.166666667; 1.1; 1; 2; 10
'GET'; 'VAL'; 60.83388729; 66.11685658; 1.142857143; 1.6; 1; 0; 20
'GET'; 'HUE'; 60.83388729; 58.45786804; 1.125; 0.5; 1; 1; 10
'GET'; 'VAL'; 67.74348325; 71.08209274; 1.111111111; 1.6; 0; 3; 20
'GET'; 'SEV'; 60.97825397; 68.53116139; 1.0; 1.6; 0; 2; 20
'GET'; 'BAR'; 67.96383899; 68.2384059; 0.8; 3.6; 1; 1; 10
'GET'; 'REA'; 68.59237661; 73.72682508; 0.9; 2.4; 3; 1; 20
'GET'; 'VIL'; 68.03791306; 71.02196728; 1.1; 1.9; 3; 3; 10
'GET'; 'MAL'; 67.8333676; 67.06588476; 1.3; 1.7; 4; 1; 20
'GET'; 'OSA'; 67.19628247; 67.57029353; 1.6; 0.9; 2; 5; 10
'GET'; 'COR'; 67.96383899; 67.98794304; 1.6; 1.5; 1; 2; 20
'GET'; 'NUM'; 68.19323292; 62.47210921; 1.6; 1.7; 0; 2; 10
'GET'; 'SAN'; 66.73043349999999; 66.4554153; 1.5; 1.5; 0; 1; 20
'GET'; 'SPG'; 66.73043349999999; 49.26984848; 1.4; 1.0; 5; 1; 20
'GET'; 'BET'; 66.49677777; 64.67316735; 1.9; 1.2; 2; 2; 10
'GET'; 'ESP'; 66.72188599; 64.98859903; 2.1; 0.9; 1; 1; 20
'GET'; 'AMA'; 66.57657609; 69.62963289; 2.1; 2.3; 1; 1; 10
'GET'; 'BIL'; 67.35897113; 68.85867799; 1.9; 1.8; 1; 1; 20
'GET'; 'ALM'; 66.86216092; 64.85988918; 1.7; 1.5; 1; 2; 10
'GET'; 'MAL'; 60.10248737; 63.99761609; 1.4; 1.4; 1; 2; 20
'GET'; 'VAL'; 60.07575758; 65.01875632; 1.3; 1.3; 0; 1; 10
'GET'; 'HUE'; 60.32218434; 64.31374858; 1.2; 1.2; 2; 1; 20
'GET'; 'VAL'; 59.89501683; 70.88459233; 1.4; 1.1; 1; 4; 10
'GET'; 'SEV'; 67.64972643; 70.01502453; 1.5; 1.5; 1; 0; 10
'GET'; 'BAR'; 67.3163931; 77.00833651; 1.1; 2.4; 0; 1; 20
'GET'; 'REA'; 67.64972643; 75.17632003; 0.9; 2.6; 2; 3; 10
'GET'; 'VIL'; 60.79384881; 62.35964254; 1.0; 1.2; 1; 2; 20
'GET'; 'MAL'; 66.52787479; 66.51540446; 1.0; 1.6; 1; 2; 10
'GET'; 'OSA'; 67.81073159; 65.44630136; 1.0; 1.3; 3; 0; 20
'GET'; 'COR'; 68.10856709; 67.98794304; 1.2; 1.7; 1; 1; 10
'GET'; 'NUM'; 67.49518098; 49.47414292; 1.2; 1.0; 1; 0; 20
'GET'; 'SAN'; 61.4216984; 66.37932361; 1.3; 1.4; 1; 1; 10
'GET'; 'SAN'; 67.16022654; 64.96505161; 1.2; 1.5; 4; 1; 10
'GET'; 'BAR'; 67.79153967; 68.39689165; 1.5; 2.3; 0; 2; 20
'GET'; 'ALM'; 67.65366088; 65.32332275; 1.4; 0.9; 0; 1; 10
'GET'; 'VAL'; 67.02512326; 71.70674816; 1.4; 1.4; 3; 1; 20
'GET'; 'ZAR'; 67.29400253; 67.05981372; 1.5; 1.0; 0; 3; 10
'GET'; 'OSA'; 67.81022654; 67.36076348; 1.4; 0.9; 2; 1; 20
'GET'; 'MAL'; 67.57623445; 67.12112157; 1.5; 1.2; 1; 3; 10
'GET'; 'BIL'; 67.52194865; 67.4798027; 1.3; 0.9; 2; 0; 20
'GET'; 'REA'; 67.72649411; 75.11246401; 1.4; 2.3; 0; 2; 10
'GET'; 'COR'; 67.07042409; 67.28079528; 1.3; 1.3; 0; 2; 20
'GET'; 'ESP'; 66.79162157; 67.00133132; 1.2; 0.8; 2; 0; 10
'GET'; 'XER'; 67.26824495; 63.05685219; 1.0; 0.3; 5; 1; 20
'GET'; 'VIL'; 67.08945707; 70.34328097; 1.5; 1.5; 2; 3; 10
'GET'; 'TEN'; 67.45770163; 60.95289661; 1.7; 1.1; 2; 1; 20
'GET'; 'SEV'; 67.25315617; 69.93030785; 1.6; 1.7; 2; 1; 10
'GET'; 'VAL'; 67.25315617; 65.32854864; 1.8; 1.6; 1; 0; 20
'GET'; 'SPG'; 67.09537338; 64.71706408; 1.7; 0.9; 0; 1; 10
'GET'; 'MAL'; 67.44034692; 64.39429331; 1.6; 1.5; 0; 1; 10
'GET'; 'AMA'; 66.98766796; 69.87319284; 1.4; 2.0; 1; 0; 20
'GET'; 'SAN'; 66.89221341; 64.99061465; 1.5; 1.3; 0; 0; 20
'GET'; 'BAR'; 66.28345920000001; 76.20298757; 1.5; 2.2; 1; 2; 10
'GET'; 'ALM'; 67.34590248; 65.17892422; 1.4; 1.1; 2; 2; 20
'GET'; 'VAL'; 67.25044793; 70.74276216; 1.1; 1.2; 1; 2; 10
'GET'; 'ZAR'; 67.34893278; 67.04947609; 1.0; 1.1; 0; 2; 20
'GET'; 'OSA'; 60.03492626; 67.18088023; 0.8; 1.0; 0; 0; 10
'GET'; 'MAL'; 60.41313131; 67.12112157; 0.6; 1.5; 3; 0; 20
'GET'; 'BIL'; 66.62260702; 67.76738676; 0.8; 1.3; 2; 2; 10
'GET'; 'REA'; 66.91060606; 74.24741943; 1.0; 3.2; 2; 4; 20
'GET'; 'COR'; 59.87780183; 64.14963672; 1.2; 1.1; 3; 1; 10
'GET'; 'ESP'; 59.39430014; 66.73909265; 1.4; 0.8; 1; 1; 20
'GET'; 'XER'; 59.35339105; 51.26044657; 1.5; 1.6; 1; 0; 10
'GET'; 'VIL'; 65.67578163; 70.72369547; 1.5; 1.5; 3; 0; 20
'GET'; 'TEN'; 59.76164021; 55.85005132; 1.6; 1.3; 2; 3; 10
'GET'; 'SEV'; 66.79941378; 69.87575546; 1.7; 1.3; 4; 3; 20
'GET'; 'VAL'; 66.79941378; 65.11744133; 2.1; 1.2; 0; 0; 10
'GET'; 'SPG'; 66.84032287; 64.20667124; 2.1; 0.6; 1; 1; 20
'GET'; 'MAL'; 66.73123196; 52.82029858; 1.9; 1.5; 2; 1; 20
'GET'; 'AMA'; 60.1192791; 62.06788344; 1.9; 1.7; 3; 0; 10
'GET'; 'ESP'; 66.73142943; 65.75201105; 2.0; 0.8; 1; 3; 10
'GET'; 'LEV'; 66.80225168; 64.64189256; 1.8; 1.0; 4; 1; 20
'GET'; 'COR'; 66.49112316; 65.34764233; 2.1; 0.3; 2; 2; 10
'GET'; 'MAL'; 66.66458935; 65.71668209; 2.2; 1.2; 0; 2; 20
'GET'; 'SAN'; 66.52494842; 65.29549844; 1.9; 1.1; 1; 0; 10
'GET'; 'HER'; 66.52494842; 63.22996633; 1.8; 1.0; 3; 0; 20
'GET'; 'AMA'; 66.52494842; 70.32622674; 1.7; 1.5; 0; 2; 10
'GET'; 'SPG'; 66.30731757; 64.13217629; 1.7; 1.0; 3; 0; 20
'GET'; 'BIL'; 65.94908305; 67.79989065; 1.9; 1.7; 0; 3; 10
'GET'; 'BAR'; 65.677537; 77.44452240000001; 1.7; 2.3; 1; 3; 20
'GET'; 'VAL'; 66.01115307; 71.03415625; 1.5; 1.4; 0; 2; 10
'GET'; 'ZAR'; 65.94421613; 66.10305361; 1.4; 1.1; 1; 1; 20
'GET'; 'SEV'; 66.89891537; 69.67868494; 1.1; 1.5; 3; 1; 10
'GET'; 'MAL'; 66.89891537; 64.99888029; 1.2; 1.0; 3; 0; 20
'GET'; 'VIL'; 66.66131206; 70.47860954; 1.5; 2.0; 1; 0; 20
'GET'; 'ALM'; 66.38471082; 65.03115218; 1.5; 0.9; 3; 2; 10
'GET'; 'REA'; 66.82368026; 75.86467395; 1.5; 2.7; 2; 3; 20
'GET'; 'OSA'; 66.82368026; 65.89392959999999; 1.7; 1.1; 0; 0; 10
'GET'; 'SOC'; 66.8815315; 66.00273405; 1.4; 1.5; 0; 4; 20
'GET'; 'ESP'; 66.89291379; 67.47642151; 1.4; 1.7; 1; 3; 20
'GET'; 'LEV'; 66.37043349999999; 65.49658404; 1.4; 1.0; 0; 2; 10
'GET'; 'COR'; 66.39246996; 66.04131845; 1.4; 1.0; 4; 1; 20
'GET'; 'MAL'; 66.47638604; 66.87456502; 1.7; 1.1; 2; 2; 10
'GET'; 'SAN'; 66.06720432; 66.70203736; 1.6; 0.9; 0; 1; 20
'GET'; 'HER'; 66.00770347; 51.63365407; 1.3; 1.0; 0; 0; 10
'GET'; 'AMA'; 66.6315315; 70.79759555; 1.2; 1.1; 1; 1; 20
'GET'; 'SPG'; 66.64769026; 65.46771343; 1.0; 1.0; 0; 2; 10
'GET'; 'BIL'; 66.81216845; 68.61662946; 0.8; 1.6; 2; 2; 20
'GET'; 'BAR'; 66.86121151; 76.44506571; 1.0; 2.2; 1; 2; 10
'GET'; 'VAL'; 66.31289349; 69.32597367; 1.1; 1.3; 2; 4; 20
'GET'; 'ZAR'; 66.40988773; 65.42810674; 1.2; 1.1; 1; 2; 10
'GET'; 'SEV'; 66.42211607; 68.08576889; 1.3; 1.5; 1; 0; 20
'GET'; 'MAL'; 66.67211607; 65.57177709; 1.0; 1.3; 0; 2; 10
'GET'; 'VIL'; 65.60043775; 69.46628035; 0.8; 1.0; 1; 2; 10
'GET'; 'ALM'; 65.14437714; 64.26975736; 0.9; 0.8; 2; 0; 20
'GET'; 'REA'; 65.96482615; 74.13014392; 1.1; 3.2; 0; 4; 10
'GET'; 'OSA'; 66.52523702; 65.85805909; 1.0; 1.8; 2; 0; 20
'GET'; 'SOC'; 66.69124493; 66.56532648; 1.2; 1.0; 1; 1; 10
'GET'; 'LEV'; 66.53915022; 66.06847757; 1.1; 1.2; 1; 1; 20
'GET'; 'REA'; 66.50577021; 76.07236243; 1.1; 3.9; 2; 4; 10
'GET'; 'RAY'; 67.62147269; 64.90930856; 1.1; 0.5; 0; 1; 20
'GET'; 'ESP'; 66.58264152; 65.19199566; 1.0; 1.1; 0; 1; 10
'GET'; 'BET'; 67.52708597; 64.83605553; 0.9; 1.3; 1; 0; 20
'GET'; 'MAL'; 66.96673912; 70.77011445; 1.0; 1.2; 2; 3; 10
'GET'; 'VIL'; 66.73590611; 69.74501587; 1.1; 0.8; 0; 0; 20
'GET'; 'SOC'; 67.07458654; 67.04604685; 0.9; 1.1; 0; 0; 10
'GET'; 'OSA'; 67.01432679999999; 65.33890533; 0.9; 1.0; 2; 2; 20
'GET'; 'VAL'; 66.82067909; 70.41560593; 0.9; 1.4; 1; 3; 10
'GET'; 'AMA'; 66.59842407; 71.12896417; 0.9; 1.2; 3; 2; 20
'GET'; 'SPG'; 66.57363068; 65.28170481; 1.1; 0.9; 1; 2; 10
'GET'; 'BAR'; 66.63389042; 75.59801683; 1.0; 3.1; 1; 0; 20
'GET'; 'SEV'; 66.93692073; 69.2904301; 1.1; 0.8; 0; 3; 10
'GET'; 'GRA'; 66.52999432; 65.33718306; 1.1; 0.7; 1; 0; 20
'GET'; 'MAL'; 66.40462313; 65.45917711; 1.1; 1.4; 2; 1; 10
'GET'; 'BIL'; 66.57812539; 68.90765; 1.1; 1.6; 0; 0; 20
'GET'; 'ZAR'; 66.57812539; 65.64089962; 1.1; 0.4; 1; 1; 10
'GET'; 'SAN'; 67.00994357; 65.68471894; 1.2; 1.0; 2; 1; 10
'GET'; 'LEV'; 67.39890809; 65.8902028; 1.2; 0.8; 2; 1; 10
'GET'; 'REA'; 66.62145654; 75.88221905; 1.3; 3.8; 0; 1; 20
'GET'; 'RAY'; 66.6810687; 64.95192432; 1.0; 1.1; 0; 2; 10
'GET'; 'ESP'; 67.31238254; 66.06819811; 0.9; 1.6; 1; 1; 20
'GET'; 'BET'; 66.70359128; 65.56403275; 0.9; 1.5; 1; 1; 10
'GET'; 'MAL'; 66.90749878; 69.60612370000001; 1.0; 1.7; 1; 3; 20
'GET'; 'VIL'; 67.35645897; 69.78673961; 1.0; 1.4; 2; 1; 10
'GET'; 'SOC'; 66.84225442; 66.89627731; 1.0; 1.4; 1; 0; 20
'GET'; 'OSA'; 67.03358739; 65.89267005; 1.1; 1.1; 0; 0; 10
'GET'; 'VAL'; 67.03358739; 69.41221719; 1.0; 1.6; 3; 1; 20
'GET'; 'AMA'; 67.29670589; 71.21158614; 1.1; 0.9; 0; 3; 10
'GET'; 'SPG'; 67.03358739; 64.17780305; 0.9; 1.0; 2; 0; 20
'GET'; 'BAR'; 66.91360737; 75.84769197; 1.1; 2.9; 0; 4; 10
'GET'; 'SEV'; 65.85306507; 68.66446876; 1.1; 1.7; 5; 1; 20
'GET'; 'GRA'; 66.97617113; 65.23193826; 1.5; 0.9; 0; 1; 10
'GET'; 'MAL'; 67.15696402; 65.59128713; 1.4; 1.1; 1; 3; 20
'GET'; 'SAN'; 67.20425511; 62.74667054; 1.4; 0.3; 1; 1; 20
'GET'; 'BIL'; 65.10147116; 65.28104356; 1.3; 0.7; 0; 0; 10
'GET'; 'ZAR'; 65.99486653; 64.99147755; 1.2; 1.2; 0; 2; 20
'GET'; 'SEV'; 67.55363224; 70.74802327; 1.2; 1.8; 1; 2; 10
'GET'; 'REA'; 67.17379491; 75.86467395; 1.0; 2.7; 2; 1; 20
'GET'; 'COR'; 67.59396676; 66.25631579; 1.2; 1.1; 1; 1; 10
'GET'; 'BAR'; 67.52545001; 73.88441191; 1.1; 3.2; 1; 4; 20
'GET'; 'CEL'; 67.52545001; 64.8188653; 1.2; 1.0; 1; 2; 10
'GET'; 'MAL'; 66.91289716; 64.54378853; 0.8; 1.6; 1; 0; 20
'GET'; 'ZAR'; 66.91289716; 65.28232372; 0.9; 1.2; 1; 0; 10
'GET'; 'LEV'; 67.48662314; 66.76864174; 0.9; 1.1; 0; 1; 20
'GET'; 'BIL'; 67.12867309999999; 68.73768149; 0.8; 1.1; 2; 1; 10
'GET'; 'BET'; 67.41028229; 65.86125849999999; 1.0; 1.5; 2; 4; 20
'GET'; 'AMA'; 67.41028229; 71.54416892; 1.2; 2.2; 0; 2; 10
'GET'; 'VAL'; 67.53086127; 64.9951787; 1.1; 1.3; 2; 1; 20
'GET'; 'ESP'; 67.29093646; 64.0506899; 1.1; 1.1; 2; 0; 10
'GET'; 'MAL'; 67.42783485; 70.18451431; 1.2; 0.9; 1; 0; 20
'GET'; 'SOC'; 67.29093646; 68.08752902; 1.2; 1.6; 1; 1; 10
'GET'; 'OSA'; 67.00932726; 64.82656929; 1.2; 0.9; 1; 1; 20
'GET'; 'VAL'; 66.96823577; 70.46518371; 1.2; 1.1; 2; 4; 10
'GET'; 'RAY'; 67.6371239; 66.28479329999999; 1.3; 1.3; 1; 3; 10
'GET'; 'GRA'; 67.57990621; 65.30225648; 1.4; 0.7; 2; 2; 20
'GET'; 'SEV'; 67.02151984; 69.54540990000001; 1.4; 1.1; 1; 1; 20
'GET'; 'REA'; 67.43124717; 74.18958439; 1.3; 2.5; 0; 4; 10
'GET'; 'COR'; 66.83255768; 64.98085768; 1.3; 0.8; 3; 1; 20
'GET'; 'BAR'; 66.52323785; 75.36755899; 1.4; 3.3; 1; 6; 10
'GET'; 'CEL'; 67.23004762; 64.8035588; 1.3; 0.6; 3; 1; 20
'GET'; 'MAL'; 67.23004762; 66.28875625; 1.5; 1.1; 3; 1; 10
'GET'; 'ZAR'; 67.10194844; 63.32507139; 1.7; 0.7; 2; 0; 20
'GET'; 'LEV'; 67.10341043; 66.20639229999999; 1.8; 1.1; 0; 0; 10
'GET'; 'BIL'; 66.85125974; 68.90416462; 1.6; 1.1; 1; 0; 20
'GET'; 'BET'; 66.76326802; 66.73165057; 1.6; 1.1; 0; 0; 10
'GET'; 'AMA'; 67.35911404; 71.57858168; 1.4; 1.1; 0; 0; 20
'GET'; 'VAL'; 67.16234636; 64.48265409999999; 1.3; 1.4; 1; 2; 10
'GET'; 'ESP'; 66.88456858; 66.24504123; 1.4; 1.7; 0; 2; 20
'GET'; 'MAL'; 66.60465972; 68.94878747; 1.1; 1.3; 1; 2; 10
'GET'; 'SOC'; 66.76391016; 67.6874597; 1.1; 2.4; 2; 1; 20
'GET'; 'OSA'; 66.82969964; 65.11636273; 1.0; 0.8; 0; 1; 10
'GET'; 'VAL'; 66.98153377; 69.86298776; 0.7; 2.6; 0; 1; 20
'GET'; 'RAY'; 66.84697697; 65.38879647; 0.5; 1.2; 1; 2; 20
'GET'; 'GRA'; 66.90389157; 65.56335028; 0.6; 1.0; 0; 2; 10
'GET'; 'SOC'; 66.91918083; 67.15258324; 0.5; 2.1; 0; 2; 10
'GET'; 'ALM'; 66.62653643; 63.3159897; 0.5; 0.8; 2; 2; 20
'GET'; 'VAL'; 67.21512229; 63.44533793; 0.7; 1.2; 0; 1; 10
'GET'; 'OSA'; 67.05941904; 64.24532667; 0.6; 0.8; 2; 1; 20
'GET'; 'REA'; 66.1667755; 72.32191537; 0.8; 2.8; 1; 4; 10
'GET'; 'CEL'; 65.81998968; 64.05863016; 0.8; 1.2; 2; 0; 20
'GET'; 'ESP'; 66.06095225; 66.85110614; 0.8; 1.1; 2; 0; 10
'GET'; 'BET'; 65.56330519; 65.73409014; 1.0; 1.2; 3; 1; 20
'GET'; 'GRA'; 65.44120179999999; 65.17945685; 1.3; 0.7; 2; 0; 10
'GET'; 'BIL'; 66.33384534; 68.70607633; 1.4; 1.7; 0; 1; 20
'GET'; 'VIL'; 66.95359579; 66.36271195; 1.4; 1.9; 2; 0; 10
'GET'; 'VAL'; 66.02941552; 69.04934081; 1.6; 1.3; 0; 1; 20
'GET'; 'ELC'; 66.33384534; 64.37298332; 1.4; 1.1; 1; 1; 20
'GET'; 'AMA'; 67.20838918; 71.71072805; 1.5; 2.1; 0; 7; 10
'GET'; 'LEV'; 65.70421428; 64.81617666; 1.3; 1.1; 1; 0; 20
'GET'; 'MAL'; 65.63616296; 67.6009705; 1.3; 1.0; 0; 1; 10
'GET'; 'BAR'; 67.10445141; 73.9852022; 1.1; 2.2; 2; 5; 20
'GET'; 'SEV'; 66.21180786; 69.09636143; 1.1; 2.1; 0; 3; 10
'GET'; 'RAY'; 66.91062655; 66.06806602; 0.8; 1.2; 0; 1; 20
'GET'; 'SOC'; 65.83157614; 67.08658513; 0.6; 2.8; 2; 2; 20
'GET'; 'ALM'; 65.53707853; 63.36861077; 0.8; 1.0; 0; 1; 10
'GET'; 'VAL'; 65.94157614; 63.52258191; 0.6; 1.2; 0; 0; 20
'GET'; 'OSA'; 65.94157614; 65.02145811; 0.6; 0.9; 0; 2; 10
'GET'; 'REA'; 66.63808777; 75.2940263; 0.5; 3.0; 0; 3; 20
'GET'; 'CEL'; 67.09899686; 64.55183812; 0.5; 1.4; 1; 1; 10
'GET'; 'ESP'; 67.09322146; 65.98428256; 0.5; 1.1; 0; 0; 20
'GET'; 'BET'; 66.41719624; 64.68277545; 0.5; 0.6; 0; 2; 10
'GET'; 'GRA'; 66.5152721; 57.76753872; 0.3; 0.9; 3; 3; 20
'GET'; 'BIL'; 66.75497643; 69.07646594; 0.6; 2.5; 0; 1; 10
'GET'; 'VIL'; 66.43416813; 66.53030842; 0.6; 1.2; 0; 1; 20
'GET'; 'VAL'; 65.06814556; 67.63470148; 0.4; 0.9; 3; 1; 10
'GET'; 'ELC'; 66.24180948; 64.92889482; 0.7; 0.6; 0; 1; 10
'GET'; 'AMA'; 65.5302098; 71.50613680000001; 0.7; 1.4; 0; 2; 20
'GET'; 'LEV'; 66.55358991; 66.32435411; 0.7; 0.8; 0; 0; 10
'GET'; 'MAL'; 66.12363244; 66.2112334; 0.7; 1.4; 1; 0; 20
'GET'; 'BAR'; 66.24295346; 74.88191941; 0.7; 2.7; 2; 2; 10
'GET'; 'SEV'; 66.73448644; 63.11381484; 0.9; 2.2; 1; 0; 20
'GET'; 'RAY'; 67.12943593; 65.16580969; 1.0; 1.6; 2; 1; 10
'GET'; 'CEL'; 66.63717047; 58.18422771; 0.9; 1.6; 1; 3; 10
'GET'; 'ALM'; 64.4436373; 61.71404291; 1.0; 1.3; 1; 0; 20
'GET'; 'SEV'; 65.57730774; 66.59418219; 1.1; 1.7; 0; 2; 10
'GET'; 'VAL'; 66.08148176; 68.11175290000001; 0.8; 1.6; 0; 3; 20
'GET'; 'ESP'; 64.46843287; 65.32962442; 0.8; 1.1; 0; 2; 10
'GET'; 'MAL'; 65.30170018; 66.40111683; 0.8; 0.7; 1; 0; 20
'GET'; 'COR'; 64.89639715; 60.93851413; 0.9; 0.9; 1; 1; 20
'GET'; 'SOC'; 64.82480961; 65.78967182; 0.9; 1.1; 2; 1; 10
'GET'; 'AMA'; 64.83814294; 71.19095184; 0.9; 1.6; 0; 1; 20
'GET'; 'COR'; 63.52686303; 64.11813263; 0.8; 0.8; 2; 1; 10
'GET'; 'ELC'; 63.52686303; 64.27647856; 0.8; 1.0; 0; 0; 20
'GET'; 'VIL'; 63.52686303; 66.65437502; 0.7; 1.3; 1; 2; 10
'GET'; 'BIL'; 64.90320264; 67.93082009999999; 0.7; 0.7; 1; 2; 20
'GET'; 'LEV'; 64.32028580000001; 66.04604047; 0.8; 1.0; 1; 1; 10
'GET'; 'BAR'; 65.53915632; 75.15705592; 0.9; 2.5; 0; 0; 20
'GET'; 'GRA'; 65.66383164; 63.35208103; 0.9; 0.5; 1; 1; 10
'GET'; 'RAY'; 65.59553135; 59.07604675; 0.9; 0.7; 1; 2; 20
'GET'; 'EIB'; 65.66304069; 62.79003078; 0.9; 1.3; 1; 2; 10
'GET'; 'REA'; 66.16355396; 74.37683959; 0.8; 3.4; 0; 3; 20
'GET'; 'CEL'; 64.76017767; 64.15137514; 0.8; 0.2; 2; 1; 20
'GET'; 'ALM'; 64.31450667; 62.07437665; 0.8; 0.9; 0; 1; 10
'GET'; 'SEV'; 65.05998581; 67.09883582; 0.8; 1.7; 2; 1; 20
'GET'; 'VAL'; 65.05998581; 68.11554062; 0.9; 1.6; 0; 1; 10
'GET'; 'ESP'; 65.46617933; 63.86413242; 0.8; 1.6; 2; 1; 20
'GET'; 'MAL'; 65.2096185; 65.21431862; 0.9; 0.9; 2; 3; 10
'GET'; 'COR'; 66.58532746; 60.89059202; 1.1; 0.7; 2; 1; 10
'GET'; 'SOC'; 66.58532746; 66.67856071; 1.2; 1.2; 0; 1; 20
'GET'; 'AMA'; 64.71645694; 70.33501515; 1.1; 1.7; 0; 2; 10
'GET'; 'COR'; 65.56638807; 64.74005154; 1.0; 0.5; 2; 1; 20
'GET'; 'ELC'; 64.69953775; 63.58088589; 1.2; 0.6; 1; 0; 10
'GET'; 'VIL'; 65.18758248; 64.75809344; 1.1; 1.0; 1; 1; 20
'GET'; 'BIL'; 65.00630542; 67.00176187; 1.2; 1.0; 0; 4; 10
'GET'; 'LEV'; 64.62455906; 64.43250056; 1.0; 1.3; 0; 1; 20
'GET'; 'BAR'; 58.53232217; 73.54474234; 1.0; 2.4; 0; 6; 10
'GET'; 'GRA'; 65.14609923; 64.88622741; 0.8; 0.7; 1; 2; 20
'GET'; 'RAY'; 65.18275171; 65.56723513; 0.7; 1.2; 0; 2; 10
'GET'; 'EIB'; 66.16615391; 62.4291254; 0.5; 0.4; 1; 1; 20
'GET'; 'REA'; 65.45991366; 71.53770368; 0.6; 3.4; 3; 7; 10
'GET'; 'ESP'; 65.87025658; 55.75063338; 0.9; 1.5; 0; 1; 10
'GET'; 'GRA'; 58.89783627; 62.86173514; 0.7; 1.1; 1; 2; 20
'GET'; 'BIL'; 65.50457424; 66.50962872; 0.7; 1.4; 1; 3; 10
'GET'; 'MAL'; 65.22076556; 65.94016842; 0.7; 0.8; 1; 0; 20
'GET'; 'AMA'; 66.06744666; 69.59747939; 0.8; 1.3; 0; 2; 10
'GET'; 'LEV'; 66.3077064; 62.23966522; 0.8; 0.8; 3; 0; 20
'GET'; 'CEL'; 65.61976989; 64.31937384; 1.1; 2.2; 0; 0; 10
'GET'; 'LAS'; 66.57934749; 57.39833444; 1.0; 0.857142857; 4; 0; 20
'GET'; 'SEV'; 65.56063091; 67.92047704; 1.4; 1.3; 0; 5; 10
'GET'; 'BAR'; 66.57934749; 71.48363604; 1.3; 2.2; 0; 2; 20
'GET'; 'EIB'; 66.07561405; 60.58537136; 1.0; 1.3; 1; 3; 10
'GET'; 'RAY'; 64.59069699999999; 62.47581974; 1.1; 1.3; 1; 1; 20
'GET'; 'VIL'; 65.6608697; 64.16897974; 1.1; 1.2; 2; 0; 20
'GET'; 'REA'; 65.38841791; 72.08743523; 1.2; 1.7; 1; 4; 10
'GET'; 'SOC'; 65.6608697; 67.0603134; 1.2; 1.4; 1; 1; 20
'GET'; 'VAL'; 66.19599367; 66.13392557; 1.3; 1.7; 2; 2; 10
'GET'; 'COR'; 65.91637934; 65.17371839; 1.2; 1.4; 0; 0; 20
'GET'; 'SPG'; 66.11314702; 62.51756131; 1.2; 1.0; 2; 1; 10
'GET'; 'BET'; 66.11314702; 63.37709579; 1.0; 0.5; 1; 0; 20
'GET'; 'ESP'; 65.61066768; 62.21600535; 1.1; 0.7; 3; 1; 20
'GET'; 'GRA'; 65.61066768; 62.29947204; 1.4; 1.1; 2; 3; 10
'GET'; 'BIL'; 65.52709035; 65.65179734; 1.5; 1.4; 0; 1; 20
'GET'; 'MAL'; 65.00458558; 65.56662556; 1.4; 1.3; 0; 3; 10
'GET'; 'AMA'; 65.32513049; 70.27987749; 1.2; 1.6; 0; 1; 20
'GET'; 'LEV'; 65.32513049; 64.24206082; 1.1; 1.0; 0; 3; 10
'GET'; 'CEL'; 64.07390394; 63.75906104; 1.0; 1.2; 0; 1; 20
'GET'; 'LAS'; 58.03763522; 62.95525666; 0.8; 1.3; 0; 4; 10
'GET'; 'SEV'; 58.29003585; 66.20611362; 0.8; 1.5; 1; 1; 20
'GET'; 'BAR'; 58.38394063; 71.96177055; 0.7; 3.4; 0; 6; 10
'GET'; 'EIB'; 65.16095628; 62.52314217; 0.6; 1.4; 1; 1; 20
'GET'; 'RAY'; 64.59948095; 62.17313757; 0.4; 1.8; 0; 2; 10
'GET'; 'VIL'; 60.05309192; 66.15864899; 0.2; 1.1; 0; 2; 10
'GET'; 'REA'; 65.26240534; 73.08855512; 0.2; 2.9; 1; 5; 20
'GET'; 'SOC'; 57.85176957; 63.87274289; 0.3; 1.0; 2; 1; 10
'GET'; 'VAL'; 63.94725382; 68.82832663; 0.5; 1.4; 2; 2; 20
'GET'; 'COR'; 63.94725382; 65.01630913; 0.7; 1.0; 2; 0; 10
'GET'; 'SPG'; 65.04165942; 63.04153658; 0.9; 0.7; 1; 1; 20
'GET'; 'BET'; 66.41218283; 64.87947702; 1.0; 0.8; 1; 2; 10
