'OSA'; 'VIL'; 67.53451114; 70.10482497; 0.0; 0.0; 1; 1; 20
'OSA'; 'MAL'; 67.41380406; 67.81175782; 1.0; 0.0; 1; 1; 10
'OSA'; 'VAL'; 65.38956719; 71.35665984; 1.0; 1.333333333; 0; 1; 10
'OSA'; 'COR'; 66.78838471; 66.45131239999999; 0.666666667; 0.666666667; 0; 0; 20
'OSA'; 'NUM'; 66.13923084; 49.89383819; 0.5; 1.25; 0; 0; 10
'OSA'; 'SAN'; 66.79782224; 66.26580054; 0.4; 0.6; 0; 1; 20
'OSA'; 'SPG'; 66.47702318; 62.94875598; 0.333333333; 1.333333333; 1; 2; 10
'OSA'; 'BET'; 66.77826416; 65.22227458; 0.428571429; 1.0; 0; 2; 20
'OSA'; 'ESP'; 65.34682893; 67.35016463; 0.375; 0.75; 0; 1; 10
'OSA'; 'AMA'; 66.11337924; 70.65491476; 0.333333333; 2.111111111; 0; 0; 20
'OSA'; 'BIL'; 58.67257508; 67.23112706; 0.3; 1.0; 0; 2; 10
'OSA'; 'ALM'; 60.07004428; 58.43657727; 0.2; 1.0; 3; 1; 20
'OSA'; 'MAL'; 67.04339485; 64.28944191; 0.4; 1.6; 2; 4; 10
'OSA'; 'VAL'; 67.57029353; 66.10714603; 0.6; 1.8; 3; 3; 20
'OSA'; 'HUE'; 66.47974519; 64.99332138; 0.9; 0.7; 0; 1; 10
'OSA'; 'GET'; 67.57029353; 67.19628247; 0.9; 1.6; 5; 2; 20
'OSA'; 'SEV'; 65.82115378; 70.5155873; 1.4; 1.1; 1; 1; 10
'OSA'; 'BAR'; 67.09360356; 76.38673285; 1.4; 3.2; 2; 3; 20
'OSA'; 'REA'; 67.49440092; 75.37028829; 1.6; 1.5; 1; 3; 10
'OSA'; 'VIL'; 66.75207135; 63.72422338; 1.7; 1.5; 1; 1; 10
'OSA'; 'MAL'; 67.49440092; 66.87335569; 1.8; 1.4; 1; 0; 20
'OSA'; 'VAL'; 66.75232986; 64.8670087; 1.9; 1.6; 1; 0; 20
'OSA'; 'COR'; 60.56281616; 67.86944935; 1.7; 1.4; 0; 0; 10
'OSA'; 'NUM'; 60.92874435; 56.22130707; 1.5; 1.1; 2; 0; 20
'OSA'; 'SAN'; 60.92874435; 64.96208861; 1.4; 0.9; 1; 1; 10
'OSA'; 'SPG'; 60.25391918; 56.67259208; 1.5; 0.7; 1; 2; 20
'OSA'; 'BET'; 67.1330641; 65.22431059; 1.1; 1.6; 0; 0; 10
'OSA'; 'ESP'; 67.76873247; 67.41649941; 1.0; 1.0; 1; 0; 20
'OSA'; 'AMA'; 66.83233117; 69.74301047; 0.9; 1.5; 4; 2; 10
'OSA'; 'BIL'; 66.83233117; 69.39845072; 1.2; 1.2; 2; 1; 20
'OSA'; 'ALM'; 66.143652; 65.00096465; 1.3; 1.4; 1; 2; 10
'OSA'; 'MAL'; 67.37828522; 64.01554672; 1.3; 1.5; 2; 3; 20
'OSA'; 'VAL'; 66.99249878; 65.11285028; 1.4; 1.5; 0; 0; 10
'OSA'; 'HUE'; 67.49899229; 64.67908016; 1.4; 1.0; 1; 2; 20
'OSA'; 'GET'; 65.44630136; 67.81073159; 1.3; 1.0; 0; 3; 10
'OSA'; 'SEV'; 60.51872541; 69.70418744; 1.2; 1.7; 0; 0; 20
'OSA'; 'BAR'; 61.13853456; 62.88479997; 1.1; 2.8; 1; 0; 10
'OSA'; 'REA'; 61.13853456; 71.70242621; 1.2; 1.9; 2; 1; 20
'OSA'; 'VIL'; 67.71850036; 69.5269061; 1.3; 1.6; 1; 1; 20
'OSA'; 'TEN'; 67.71850036; 61.72192127; 1.0; 0.0; 1; 2; 10
'OSA'; 'SEV'; 59.68434285; 68.79164438; 0.9; 1.5; 0; 2; 20
'OSA'; 'VAL'; 60.27826177; 64.68221974; 0.8; 1.5; 2; 1; 10
'OSA'; 'SPG'; 67.15172118; 57.06240642; 0.8; 1.3; 1; 0; 20
'OSA'; 'GET'; 67.36076348; 67.81022654; 0.9; 1.4; 1; 2; 10
'OSA'; 'AMA'; 67.92295129; 69.22891548; 0.9; 2.0; 3; 0; 20
'OSA'; 'SAN'; 67.92295129; 65.67791544; 1.2; 1.4; 1; 1; 10
'OSA'; 'BAR'; 67.92295129; 69.14199981; 1.3; 2.4; 1; 1; 20
'OSA'; 'ALM'; 67.51577426; 64.33263011; 1.3; 0.8; 0; 2; 10
'OSA'; 'VAL'; 66.98512687; 69.83532838; 1.1; 1.6; 1; 3; 20
'OSA'; 'ZAR'; 59.84990394; 54.41796915; 1.1; 1.4; 1; 0; 10
'OSA'; 'MAL'; 60.19179172; 64.20746383; 1.1; 1.7; 1; 1; 10
'OSA'; 'MAL'; 60.19179172; 66.49102804; 1.2; 1.7; 0; 1; 20
'OSA'; 'BIL'; 66.86711639; 67.61902818; 1.0; 1.4; 0; 2; 10
'OSA'; 'REA'; 67.27479302; 74.78333049; 0.9; 2.4; 0; 0; 20
'OSA'; 'COR'; 67.51577426; 66.55422186; 0.8; 0.9; 0; 1; 10
'OSA'; 'ESP'; 60.84504095; 65.55777309; 0.5; 0.5; 2; 0; 20
'OSA'; 'XER'; 67.52036563; 57.09956503; 0.6; 0.4; 2; 1; 10
'OSA'; 'VIL'; 67.65321111; 69.76600824; 0.7; 1.9; 2; 0; 10
'OSA'; 'TEN'; 60.29394172; 61.96799546; 0.9; 1.0; 1; 0; 20
'OSA'; 'SEV'; 66.00859184; 70.44946484; 0.9; 1.1; 0; 1; 10
'OSA'; 'VAL'; 67.37644343; 64.76726134; 0.8; 1.4; 1; 1; 20
'OSA'; 'SPG'; 67.38158861; 64.7029216; 0.8; 1.1; 2; 3; 10
'OSA'; 'GET'; 67.18088023; 60.03492626; 1.0; 0.8; 0; 0; 20
'OSA'; 'AMA'; 67.10725706; 70.28126479; 1.0; 1.7; 0; 1; 10
'OSA'; 'SAN'; 67.10725706; 65.89047817; 1.0; 0.5; 1; 3; 20
'OSA'; 'BAR'; 67.03418872; 77.17845716; 1.1; 2.6; 0; 2; 10
'OSA'; 'ALM'; 67.92754266; 64.45303648; 0.9; 1.3; 1; 0; 20
'OSA'; 'VAL'; 66.69345729999999; 70.67184118; 0.8; 0.6; 0; 3; 10
'OSA'; 'ZAR'; 67.92754266; 66.13074331; 0.6; 1.4; 2; 0; 20
'OSA'; 'MAL'; 67.06017316; 50.42605122; 0.7; 1.1; 2; 2; 20
'OSA'; 'MAL'; 66.90195731; 65.86995093; 0.9; 0.9; 0; 2; 10
'OSA'; 'BIL'; 59.22295647; 67.63409228; 0.8; 1.3; 0; 0; 20
'OSA'; 'REA'; 60.21080939; 74.23838132; 0.6; 2.5; 2; 3; 10
'OSA'; 'COR'; 67.92754266; 64.56127946; 0.8; 0.4; 3; 1; 20
'OSA'; 'ESP'; 59.26023414; 66.95328003; 1.1; 0.8; 1; 2; 10
'OSA'; 'XER'; 59.26023414; 63.41109799; 1.1; 1.7; 1; 1; 20
'OSA'; 'ALM'; 66.89821044; 64.32221438; 1.2; 1.2; 0; 0; 20
'OSA'; 'REA'; 67.06124121; 76.49045583; 1.1; 2.1; 0; 1; 10
'OSA'; 'MAL'; 66.09973309; 64.95066109; 1.1; 1.2; 0; 2; 10
'OSA'; 'SOC'; 66.5039593; 65.70165508; 0.9; 1.333333333; 3; 1; 20
'OSA'; 'ESP'; 66.58712203; 67.34419011; 1.0; 0.7; 0; 1; 10
'OSA'; 'LEV'; 66.81361776; 64.75748187; 1.0; 0.8; 1; 1; 20
'OSA'; 'COR'; 66.51528717; 64.50289584; 1.1; 0.5; 0; 0; 10
'OSA'; 'MAL'; 66.85219892; 64.77566351; 0.9; 1.2; 3; 0; 20
'OSA'; 'SAN'; 66.85219892; 66.54728882; 0.9; 0.8; 1; 4; 10
'OSA'; 'HER'; 66.85219892; 62.83790839; 0.9; 1.0; 3; 0; 20
'OSA'; 'AMA'; 66.85219892; 71.40688126; 1.1; 1.3; 0; 3; 10
'OSA'; 'SPG'; 66.62598574; 64.4766739; 1.1; 1.0; 1; 0; 20
'OSA'; 'BIL'; 67.29232831; 70.04865327; 1.2; 1.8; 0; 1; 10
'OSA'; 'BAR'; 67.08890585; 76.98370538; 1.2; 3.3; 0; 3; 20
'OSA'; 'VAL'; 66.5429518; 70.79146034; 0.9; 1.2; 3; 3; 10
'OSA'; 'ZAR'; 66.5429518; 64.98118606; 1.2; 1.1; 0; 0; 20
'OSA'; 'SEV'; 65.60755096; 70.12839273; 1.1; 1.1; 0; 1; 10
'OSA'; 'GET'; 65.89392959999999; 66.82368026; 1.1; 1.7; 0; 0; 20
'OSA'; 'VIL'; 64.92933019; 68.59160316; 0.8; 1.8; 2; 4; 10
'OSA'; 'ALM'; 65.70613561; 65.26229856; 0.9; 1.0; 2; 3; 10
'OSA'; 'REA'; 66.29677275; 75.57489189; 0.8; 2.1; 1; 0; 20
'OSA'; 'MAL'; 66.75969286; 64.90569847; 0.9; 1.5; 1; 1; 20
'OSA'; 'SOC'; 66.81758633; 65.0329945; 0.9; 1.7; 0; 1; 10
'OSA'; 'ESP'; 66.25918518; 66.07634116; 0.9; 1.5; 4; 0; 20
'OSA'; 'LEV'; 66.25918518; 66.11808096; 1.3; 0.8; 1; 2; 10
'OSA'; 'COR'; 66.25839378; 66.67351433; 1.1; 0.9; 0; 0; 20
'OSA'; 'MAL'; 65.79431115; 66.90982244; 1.1; 1.0; 1; 0; 10
'OSA'; 'SAN'; 66.37334696; 66.17314697; 1.2; 1.2; 3; 1; 20
'OSA'; 'HER'; 65.51173135; 58.03862989; 1.5; 0.3; 4; 0; 10
'OSA'; 'AMA'; 66.25723126; 70.87391785; 1.7; 1.1; 2; 3; 20
'OSA'; 'SPG'; 65.96912075; 64.91463677; 1.7; 1.0; 0; 1; 10
'OSA'; 'BIL'; 66.87992813; 67.75266317; 1.6; 1.3; 1; 2; 20
'OSA'; 'BAR'; 65.75925062; 73.84229040000001; 1.6; 1.6; 0; 2; 10
'OSA'; 'VAL'; 66.12136169; 70.56378739; 1.6; 1.9; 1; 0; 20
'OSA'; 'ZAR'; 66.18908896; 65.8468582; 1.3; 1.3; 3; 1; 10
'OSA'; 'SEV'; 65.72190206; 67.75002905; 1.5; 1.6; 3; 2; 20
'OSA'; 'GET'; 65.85805909; 66.52523702; 1.8; 1.0; 0; 2; 10
'OSA'; 'VIL'; 66.87430829; 67.57457048; 1.7; 0.8; 1; 0; 20
'OSA'; 'AMA'; 64.43447401; 70.03211972; 1.5; 2.1; 0; 0; 10
'OSA'; 'SPG'; 63.9703411; 64.50708265; 1.1; 0.9; 2; 1; 20
'OSA'; 'BAR'; 64.60869143; 76.64773073; 1.1; 2.0; 0; 8; 10
'OSA'; 'SEV'; 63.83957368; 68.73094752; 1.1; 1.9; 0; 0; 20
'OSA'; 'GRA'; 65.51741621; 65.14562423; 1.0; 0.25; 1; 1; 10
'OSA'; 'MAL'; 64.98668028; 65.45541139999999; 1.1; 1.2; 2; 2; 20
'OSA'; 'BIL'; 65.77655435; 69.32623848; 1.2; 1.4; 1; 3; 10
'OSA'; 'ZAR'; 65.33890533; 65.70437098; 1.0; 1.3; 3; 0; 20
'OSA'; 'GET'; 65.33890533; 67.01432679999999; 1.0; 0.9; 2; 2; 10
'OSA'; 'LEV'; 65.33890533; 66.68496777; 1.2; 1.8; 2; 0; 20
'OSA'; 'REA'; 65.39756241; 75.95052606; 1.3; 3.2; 1; 7; 10
'OSA'; 'RAY'; 65.5573478; 65.67926307; 1.4; 1.3; 0; 0; 20
'OSA'; 'ESP'; 65.46687161; 65.28109765; 1.2; 0.7; 2; 1; 10
'OSA'; 'BET'; 65.86870311; 64.09502896; 1.4; 0.7; 2; 1; 20
'OSA'; 'MAL'; 64.13523074; 70.32947966; 1.6; 1.4; 1; 1; 10
'OSA'; 'VIL'; 65.65516465; 69.05519589; 1.6; 0.7; 2; 1; 20
'OSA'; 'SOC'; 64.71298208; 66.47044143; 1.6; 0.9; 0; 0; 10
'OSA'; 'SAN'; 63.65129377; 66.45939427; 1.5; 0.8; 0; 2; 20
'OSA'; 'VAL'; 65.50006084; 69.87516952; 1.2; 1.7; 1; 1; 20
'OSA'; 'AMA'; 65.50006084; 71.66098098; 1.1; 2.1; 0; 1; 20
'OSA'; 'SPG'; 65.52679621; 65.29013965; 0.9; 1.1; 1; 1; 10
'OSA'; 'BAR'; 65.68610813; 75.10029512; 0.9; 2.7; 3; 2; 20
'OSA'; 'SEV'; 64.78524973; 70.79755469; 1.2; 1.0; 0; 2; 10
'OSA'; 'GRA'; 65.58620803; 64.75368731; 1.0; 1.5; 2; 1; 20
'OSA'; 'MAL'; 65.22604576; 65.93029564; 1.0; 1.9; 1; 1; 10
'OSA'; 'BIL'; 66.13824266; 67.58333613; 1.0; 2.0; 2; 1; 20
'OSA'; 'ZAR'; 65.87645445; 65.02650542; 1.0; 0.8; 1; 1; 10
'OSA'; 'GET'; 65.89267005; 67.03358739; 1.1; 1.1; 0; 0; 20
'OSA'; 'LEV'; 65.41653709; 66.16123517; 1.1; 1.6; 2; 0; 10
'OSA'; 'REA'; 65.99209789; 75.70241954; 1.2; 2.8; 1; 5; 20
'OSA'; 'RAY'; 63.87368536; 64.95192432; 1.3; 1.9; 0; 6; 10
'OSA'; 'ESP'; 65.33112251; 66.50149836; 1.2; 1.4; 2; 0; 20
'OSA'; 'BET'; 64.75766062; 66.24512969; 1.1; 1.4; 0; 1; 10
'OSA'; 'MAL'; 65.16477319; 70.44110231; 1.1; 1.2; 1; 1; 20
'OSA'; 'VIL'; 65.57736518; 68.79957605; 1.0; 1.0; 1; 1; 10
'OSA'; 'VAL'; 65.58169418; 69.58451783; 1.0; 1.6; 0; 4; 10
'OSA'; 'SOC'; 65.36454484; 66.35367097; 0.8; 1.5; 1; 0; 20
'OSA'; 'SAN'; 65.69304862; 60.29276354; 0.8; 0.4; 4; 2; 10
'OSA'; 'COR'; 65.20053623; 66.25631579; 1.2; 0.8; 0; 2; 10
'OSA'; 'BAR'; 65.10063613; 76.885108; 1.0; 3.5; 1; 2; 20
'OSA'; 'CEL'; 64.86531146; 64.44476061; 1.0; 0.5; 0; 2; 10
'OSA'; 'MAL'; 64.58744143; 64.68480817; 1.0; 1.3; 1; 1; 20
'OSA'; 'ZAR'; 64.11439041; 65.31475328; 0.9; 1.0; 1; 3; 10
'OSA'; 'LEV'; 64.02387093; 66.80676245; 1.0; 1.4; 4; 0; 20
'OSA'; 'BIL'; 64.50931864; 68.27934914; 1.3; 0.8; 0; 1; 10
'OSA'; 'BET'; 64.53570016; 65.63149826; 1.2; 1.7; 0; 0; 20
'OSA'; 'AMA'; 64.13370426; 71.29213783; 1.2; 2.2; 1; 3; 10
'OSA'; 'VAL'; 64.78890695; 64.5621484; 1.2; 1.7; 0; 1; 20
'OSA'; 'ESP'; 64.66406074; 65.61890133; 0.8; 1.2; 3; 0; 10
'OSA'; 'MAL'; 64.51221259; 70.18451431; 1.1; 1.0; 0; 0; 20
'OSA'; 'SOC'; 64.64475111; 68.22037215; 1.0; 1.3; 0; 0; 10
'OSA'; 'RAY'; 64.64475111; 66.19029052; 1.0; 1.5; 1; 0; 20
'OSA'; 'VAL'; 64.21924533; 70.09558294; 1.0; 1.4; 0; 1; 20
'OSA'; 'GET'; 64.82656929; 67.00932726; 0.9; 1.2; 1; 1; 10
'OSA'; 'GRA'; 64.67472114; 65.20878175; 0.6; 0.7; 1; 2; 20
'OSA'; 'SEV'; 64.82897095; 70.13795541; 0.7; 1.4; 0; 1; 10
'OSA'; 'REA'; 64.38060616; 73.63925959; 0.7; 2.9; 0; 0; 20
'OSA'; 'COR'; 64.79294382; 65.92451501; 0.6; 0.9; 2; 1; 20
'OSA'; 'BAR'; 64.42705638; 75.91577491; 0.8; 3.4; 1; 5; 10
'OSA'; 'CEL'; 64.2974116; 64.22307696; 0.6; 0.8; 1; 0; 20
'OSA'; 'MAL'; 64.72681543; 66.37023663; 0.7; 1.1; 1; 1; 10
'OSA'; 'ZAR'; 64.49280712; 64.52857481; 0.8; 0.8; 1; 0; 20
'OSA'; 'LEV'; 64.57545364; 66.81912777; 0.8; 1.4; 2; 0; 10
'OSA'; 'BIL'; 64.8827963; 68.77974904; 1.0; 1.0; 0; 1; 20
'OSA'; 'BET'; 64.8827963; 66.68760295; 0.9; 1.2; 1; 2; 10
'OSA'; 'AMA'; 65.10925733; 71.98784166; 0.9; 1.1; 0; 2; 20
'OSA'; 'VAL'; 64.78019889; 64.99087107; 0.9; 1.3; 3; 1; 10
'OSA'; 'ESP'; 64.57773136; 66.66574547; 1.2; 1.5; 0; 2; 20
'OSA'; 'MAL'; 64.50234359; 69.8059717; 1.0; 1.4; 0; 1; 10
'OSA'; 'SOC'; 64.57512989; 67.98241569; 0.9; 2.5; 0; 0; 20
'OSA'; 'RAY'; 64.57937460000001; 65.58252058; 0.8; 1.0; 2; 2; 10
'OSA'; 'VAL'; 64.37690706; 69.97990820000001; 0.9; 2.1; 0; 4; 10
'OSA'; 'GET'; 65.11636273; 66.82969964; 0.8; 1.0; 1; 0; 20
'OSA'; 'GRA'; 64.70402507; 65.87787334; 0.7; 0.8; 0; 3; 10
'OSA'; 'SEV'; 65.22255066; 68.61963232; 0.7; 1.5; 2; 1; 20
'OSA'; 'REA'; 62.7522672; 72.68965062; 0.8; 3.3; 2; 4; 10
'OSA'; 'GRA'; 64.6798672; 65.03936423; 1.0; 1.1; 1; 2; 20
'OSA'; 'BIL'; 64.85305301; 67.63449709; 0.8; 1.3; 0; 2; 10
'OSA'; 'VIL'; 64.9163155; 66.37767065; 0.8; 1.4; 0; 3; 20
'OSA'; 'GET'; 64.24532667; 67.05941904; 0.8; 0.6; 1; 2; 10
'OSA'; 'ELC'; 64.14648866; 64.52339397; 0.9; 0.75; 2; 1; 20
'OSA'; 'AMA'; 64.98214392; 71.1878627; 0.9; 2.3; 1; 2; 10
'OSA'; 'LEV'; 65.28820452; 65.77143556; 1.0; 0.9; 0; 1; 20
'OSA'; 'MAL'; 64.95204069; 66.81237426; 0.9; 1.6; 1; 0; 10
'OSA'; 'BAR'; 64.48061212; 74.21511104; 1.0; 3.4; 0; 0; 20
'OSA'; 'SEV'; 64.49684588; 67.69514861; 0.8; 1.9; 1; 2; 10
'OSA'; 'RAY'; 63.80281584; 65.55302349; 0.7; 0.7; 3; 1; 20
'OSA'; 'SOC'; 64.03470396; 67.04115578; 0.9; 1.1; 0; 5; 10
'OSA'; 'ALM'; 64.37602324; 63.59769304; 0.9; 1.0; 0; 1; 20
'OSA'; 'VAL'; 64.91175531; 62.83142846; 0.9; 1.4; 1; 0; 10
'OSA'; 'VAL'; 64.91175531; 68.83401925; 0.9; 1.1; 0; 3; 10
'OSA'; 'REA'; 64.08832458; 75.23689979; 0.7; 3.2; 2; 2; 20
'OSA'; 'CEL'; 64.42698657; 64.29582988; 0.8; 1.3; 1; 1; 10
'OSA'; 'ESP'; 64.71902804; 66.62198875; 0.9; 1.2; 1; 0; 20
'OSA'; 'BET'; 64.2138657; 65.26382395; 0.9; 0.7; 2; 1; 10
'OSA'; 'GRA'; 64.63763094; 64.83675841; 1.1; 1.4; 0; 0; 10
'OSA'; 'BIL'; 64.68529428; 68.67290139; 1.0; 2.0; 1; 5; 20
'OSA'; 'VIL'; 64.61063275; 65.8217839; 0.8; 2.0; 1; 3; 10
'OSA'; 'GET'; 65.02145811; 65.94157614; 0.9; 0.6; 2; 0; 20
'OSA'; 'ELC'; 64.08832458; 65.53991705; 1.1; 0.9; 0; 0; 10
'OSA'; 'AMA'; 64.08832458; 71.76548862; 1.0; 2.1; 3; 0; 20
'OSA'; 'LEV'; 63.90916283; 66.68234237; 1.3; 1.1; 0; 2; 10
'OSA'; 'MAL'; 63.90916283; 66.28192113; 1.1; 0.6; 0; 2; 20
'OSA'; 'BAR'; 63.87000199; 75.81519153; 1.0; 2.5; 0; 7; 10
'OSA'; 'SEV'; 64.08832458; 67.76371099; 0.9; 1.6; 1; 2; 20
'OSA'; 'RAY'; 64.06480719; 65.18046448; 0.8; 1.4; 0; 1; 10
'OSA'; 'SOC'; 64.04916374; 67.36221527; 0.8; 1.5; 1; 1; 20
'OSA'; 'ALM'; 64.50156437; 63.33507610000001; 0.8; 1.1; 2; 1; 10
'OSA'; 'VAL'; 64.50156437; 63.40718759; 0.9; 0.9; 0; 0; 20
'OSA'; 'VAL'; 64.50156437; 68.44537671; 0.7; 0.9; 1; 1; 20
'OSA'; 'REA'; 65.03003249; 71.7589761; 0.8; 2.9; 0; 4; 10
'OSA'; 'CEL'; 64.96506403; 64.82115516; 0.5; 1.2; 0; 2; 20
'OSA'; 'ESP'; 64.15298028; 65.78556315; 0.5; 1.0; 1; 1; 10
'OSA'; 'BET'; 64.05044965; 63.97784955; 0.6; 1.2; 2; 1; 20
