'ELC'; 'RAY'; 64.39460913; 65.45679702; 0.0; 1.3; 0; 3; 10
'ELC'; 'SOC'; 65.08648574; 67.17726944; 0.0; 2.1; 1; 1; 20
'ELC'; 'ALM'; 65.08648574; 63.3159897; 0.5; 0.9; 2; 2; 10
'ELC'; 'VAL'; 64.52885442; 63.44533793; 1.0; 1.3; 0; 0; 20
'ELC'; 'OSA'; 64.52339397; 64.14648866; 0.75; 0.9; 1; 2; 10
'ELC'; 'REA'; 65.07265794; 74.91743793; 0.8; 3.0; 1; 2; 20
'ELC'; 'CEL'; 64.68871974; 63.88993336; 0.833333333; 1.1; 1; 0; 10
'ELC'; 'ESP'; 63.50832948; 64.94946235; 0.857142857; 1.0; 2; 1; 20
'ELC'; 'BET'; 64.74724618; 64.75626645; 1.0; 1.3; 2; 1; 10
'ELC'; 'GRA'; 64.56037749; 64.79294567; 1.111111111; 0.7; 0; 1; 20
'ELC'; 'BIL'; 64.3854245; 68.1190922; 1.0; 1.6; 2; 2; 10
'ELC'; 'VIL'; 64.3854245; 67.23927362; 1.2; 1.6; 0; 1; 20
'ELC'; 'GET'; 64.37298332; 66.33384534; 1.1; 1.4; 1; 1; 10
'ELC'; 'VAL'; 64.41425977; 69.10188497; 1.0; 1.3; 2; 1; 20
'ELC'; 'AMA'; 64.85726843; 72.18187895; 1.2; 2.4; 0; 2; 20
'ELC'; 'LEV'; 65.73143523; 65.80852946; 1.1; 0.9; 1; 2; 10
'ELC'; 'MAL'; 65.50221793; 67.61923349; 1.1; 0.9; 0; 1; 20
'ELC'; 'BAR'; 64.95561032; 74.05309653; 1.0; 2.5; 0; 4; 10
'ELC'; 'SEV'; 64.36865094; 68.79091687; 0.8; 2.2; 1; 1; 20
'ELC'; 'RAY'; 64.65679323; 66.06806602; 0.7; 1.2; 2; 0; 20
'ELC'; 'SOC'; 64.98520724; 67.98693892; 0.9; 2.7; 0; 4; 10
'ELC'; 'ALM'; 65.34702892; 62.45324845; 0.7; 0.9; 1; 0; 20
'ELC'; 'VAL'; 65.88022721; 63.52258191; 0.8; 1.4; 2; 2; 10
'ELC'; 'OSA'; 65.53991705; 64.08832458; 0.9; 1.1; 0; 0; 20
'ELC'; 'REA'; 64.62049608; 73.15141409; 0.7; 2.8; 0; 3; 10
'ELC'; 'CEL'; 64.75348164; 65.17150601; 0.7; 1.2; 1; 0; 20
'ELC'; 'ESP'; 65.15157399; 66.05024034; 0.7; 1.1; 1; 3; 10
'ELC'; 'BET'; 65.00606041; 63.88901477; 0.8; 0.8; 0; 0; 20
'ELC'; 'GRA'; 64.86189949; 57.4983752; 0.8; 1.2; 0; 1; 10
'ELC'; 'BIL'; 65.15352204; 68.76784066; 0.7; 2.0; 0; 0; 20
'ELC'; 'VIL'; 65.02272128; 66.4054339; 0.5; 1.1; 1; 1; 10
'ELC'; 'GET'; 64.92889482; 66.24180948; 0.6; 0.7; 1; 0; 20
'ELC'; 'VAL'; 65.02272128; 66.98163675; 0.6; 0.8; 1; 2; 10
'ELC'; 'AMA'; 65.78108555; 71.54715409; 0.5; 1.6; 0; 2; 10
'ELC'; 'LEV'; 64.74599438; 65.30988444; 0.5; 0.7; 1; 1; 20
'ELC'; 'MAL'; 64.79036668; 65.67362165; 0.6; 1.4; 1; 0; 10
'ELC'; 'BAR'; 64.19200793; 74.75075439; 0.6; 2.5; 0; 0; 20
'ELC'; 'SEV'; 62.87107373; 65.74163854; 0.5; 1.9; 1; 3; 10
'ELC'; 'BAR'; 63.47312424; 73.61460113; 0.6; 1.9; 0; 3; 10
'ELC'; 'GRA'; 63.85609682; 63.35806697; 0.6; 0.6; 1; 1; 20
'ELC'; 'RAY'; 64.04381819; 66.10080562; 0.7; 1.4; 3; 2; 10
'ELC'; 'EIB'; 63.96323968; 62.43986243; 0.9; 0.666666667; 0; 2; 20
'ELC'; 'REA'; 63.54951239; 73.26037893; 0.8; 2.7; 1; 5; 10
'ELC'; 'CEL'; 63.33990285; 64.32626692; 0.8; 2.3; 0; 1; 20
'ELC'; 'ALM'; 63.43172103; 61.99474467; 0.8; 1.2; 2; 2; 10
'ELC'; 'SEV'; 63.04997120000001; 67.49484788; 0.9; 1.6; 0; 2; 20
'ELC'; 'VAL'; 63.86109884; 68.33250752; 0.8; 1.9; 1; 3; 10
'ELC'; 'ESP'; 63.93565435; 64.7217826; 0.9; 1.0; 2; 1; 20
'ELC'; 'GET'; 64.27647856; 63.52686303; 1.0; 0.8; 0; 0; 10
'ELC'; 'COR'; 64.33500500000001; 61.38290569; 1.0; 1.0; 2; 2; 20
'ELC'; 'SOC'; 64.40946388; 66.61929577; 1.1; 0.8; 0; 3; 10
'ELC'; 'AMA'; 64.34624467; 70.88164263; 0.8; 2.1; 0; 2; 20
'ELC'; 'COR'; 63.63967508; 65.02417013; 0.8; 0.6; 0; 1; 10
'ELC'; 'MAL'; 63.89482744; 65.95971991; 0.7; 1.5; 1; 2; 20
'ELC'; 'VIL'; 64.18217147; 67.27462514; 0.8; 2.0; 2; 2; 20
'ELC'; 'BIL'; 64.15509115; 68.24844548; 0.8; 1.0; 2; 1; 10
'ELC'; 'LEV'; 64.40054569; 64.99724232; 1.0; 0.9; 1; 0; 20
'ELC'; 'BAR'; 64.40054569; 72.89140092; 1.0; 2.5; 0; 6; 20
'ELC'; 'GRA'; 64.18838289; 64.31955508; 0.8; 0.7; 0; 1; 10
'ELC'; 'RAY'; 64.0965647; 66.47219566; 0.8; 0.8; 2; 0; 20
'ELC'; 'EIB'; 64.0965647; 62.12636874; 0.8; 1.2; 1; 0; 10
'ELC'; 'REA'; 64.0965647; 73.16632891; 0.9; 2.4; 0; 2; 20
'ELC'; 'CEL'; 63.84701034; 65.08641693; 0.9; 0.8; 1; 1; 10
'ELC'; 'ALM'; 64.15509115; 61.68195241; 1.0; 1.0; 1; 0; 20
'ELC'; 'SEV'; 64.31461014; 67.21861715; 1.0; 2.0; 0; 3; 10
'ELC'; 'VAL'; 64.19429268; 68.37357857; 0.8; 1.7; 0; 4; 20
'ELC'; 'ESP'; 64.13508803; 64.51211221; 0.6; 1.1; 1; 1; 10
'ELC'; 'GET'; 63.58088589; 64.69953775; 0.6; 1.2; 0; 1; 20
'ELC'; 'COR'; 63.82621838; 62.46278185; 0.6; 0.9; 2; 0; 10
'ELC'; 'SOC'; 63.88474483; 66.24997393; 0.8; 1.5; 1; 0; 20
'ELC'; 'AMA'; 62.22527176; 70.51993896; 0.7; 1.4; 0; 3; 10
'ELC'; 'COR'; 63.88474483; 65.45521289; 0.6; 0.6; 4; 0; 20
'ELC'; 'MAL'; 63.92394636; 65.19223626; 1.0; 1.0; 2; 1; 10
'ELC'; 'VIL'; 62.8651865; 65.70455348; 1.1; 0.6; 0; 1; 10
'ELC'; 'BIL'; 64.21677946; 66.08947942; 1.0; 1.2; 2; 3; 20
'ELC'; 'LEV'; 63.88474483; 64.64706608; 1.2; 1.1; 0; 0; 10
