'RAY'; 'BIL'; 64.91853123; 69.63052655; 0.0; 1.5; 1; 1; 10
'RAY'; 'ZAR'; 64.76701607; 66.07847236; 1.0; 1.2; 0; 0; 20
'RAY'; 'GET'; 64.90930856; 67.62147269; 0.5; 1.1; 1; 0; 10
'RAY'; 'LEV'; 64.71679873; 66.43066801; 0.666666667; 0.9; 1; 2; 20
'RAY'; 'REA'; 65.38371651; 75.75889197; 0.75; 3.9; 2; 6; 10
'RAY'; 'SAN'; 65.11277177; 64.99226283; 1.0; 1.2; 1; 1; 10
'RAY'; 'ESP'; 64.90930856; 66.28520957; 1.0; 0.9; 0; 1; 20
'RAY'; 'BET'; 65.67926307; 66.00075353; 0.857142857; 1.4; 2; 0; 10
'RAY'; 'MAL'; 65.62953045; 70.01412192; 1.0; 1.1; 2; 0; 20
'RAY'; 'VIL'; 65.67926307; 69.44688068; 1.111111111; 0.7; 0; 2; 10
'RAY'; 'SOC'; 65.43843372; 67.17357209999999; 1.0; 0.9; 4; 0; 20
'RAY'; 'OSA'; 65.67926307; 65.5573478; 1.3; 1.4; 0; 0; 10
'RAY'; 'VAL'; 65.67926307; 69.76694441; 1.3; 1.4; 1; 2; 20
'RAY'; 'BAR'; 58.42833997; 76.71989303; 1.3; 2.3; 0; 4; 10
'RAY'; 'AMA'; 65.67926307; 71.00732551; 1.2; 1.4; 1; 3; 10
'RAY'; 'SPG'; 64.21904456; 64.79367005; 1.1; 1.0; 1; 3; 20
'RAY'; 'SEV'; 65.18947597; 68.58427191; 1.1; 1.2; 2; 1; 20
'RAY'; 'GRA'; 65.18947597; 65.7577598; 1.3; 0.9; 2; 1; 10
'RAY'; 'MAL'; 65.1674374; 66.05693638; 1.3; 0.8; 0; 1; 20
'RAY'; 'BIL'; 65.1674374; 67.39946736; 1.1; 1.3; 2; 3; 20
'RAY'; 'ZAR'; 64.36298044; 65.09326083; 1.3; 0.5; 2; 1; 10
'RAY'; 'GET'; 64.95192432; 66.6810687; 1.1; 1.0; 2; 0; 20
'RAY'; 'LEV'; 65.01843324; 66.391736; 1.3; 1.0; 5; 3; 10
'RAY'; 'REA'; 64.95192432; 76.16386557; 1.7; 3.3; 0; 1; 20
'RAY'; 'SAN'; 64.96114698; 65.57207072; 1.7; 0.9; 4; 2; 20
'RAY'; 'ESP'; 64.96489029; 66.36926696; 2.0; 1.2; 1; 5; 10
'RAY'; 'BET'; 64.95192432; 66.1610878; 2.0; 1.4; 3; 0; 20
'RAY'; 'MAL'; 64.95192432; 70.52932277; 2.1; 2.2; 2; 4; 10
'RAY'; 'VIL'; 65.38246543; 69.56139423; 2.1; 1.3; 0; 2; 20
'RAY'; 'SOC'; 65.32690022; 67.08672076; 2.1; 1.5; 0; 4; 10
'RAY'; 'OSA'; 64.95192432; 63.87368536; 1.9; 1.3; 6; 0; 20
'RAY'; 'VAL'; 64.23314309999999; 69.39592015; 2.3; 1.5; 1; 4; 10
'RAY'; 'AMA'; 65.37322078; 71.13948426; 2.2; 1.2; 0; 1; 20
'RAY'; 'SPG'; 63.79844577; 64.4242586; 1.7; 1.2; 1; 2; 10
'RAY'; 'BAR'; 64.17918355; 73.38139717; 1.8; 2.7; 0; 7; 20
'RAY'; 'MAL'; 64.56836104; 65.52032022; 1.4; 1.4; 0; 1; 10
'RAY'; 'SEV'; 64.44217056; 68.38698893; 1.3; 1.5; 2; 5; 10
'RAY'; 'GRA'; 65.35852320000001; 64.97229414; 1.2; 1.1; 1; 0; 20
'RAY'; 'GRA'; 65.46626212; 65.12712452; 1.1; 0.8; 1; 0; 20
'RAY'; 'BET'; 65.47505188; 65.68527781; 1.2; 1.9; 2; 1; 10
'RAY'; 'SEV'; 65.67851509; 70.29229884; 1.4; 1.5; 0; 0; 20
'RAY'; 'AMA'; 64.80058652; 71.91364323; 0.8; 1.6; 3; 4; 10
'RAY'; 'REA'; 65.37167338; 76.05461914; 1.0; 2.2; 0; 2; 20
'RAY'; 'VAL'; 65.22548479; 65.04969116; 1.0; 1.1; 1; 6; 10
'RAY'; 'COR'; 65.60002836; 66.37496722; 1.0; 1.2; 2; 1; 20
'RAY'; 'ESP'; 65.10636445; 66.16565003; 1.2; 1.0; 2; 3; 10
'RAY'; 'BAR'; 65.61214957; 74.45940377; 1.4; 3.0; 0; 5; 20
'RAY'; 'MAL'; 65.27854202; 69.16937005; 1.2; 1.2; 2; 1; 10
'RAY'; 'CEL'; 65.41655854; 64.27264681; 1.3; 1.1; 3; 2; 20
'RAY'; 'SOC'; 65.44217838; 68.06076134; 1.5; 1.1; 0; 4; 10
'RAY'; 'MAL'; 65.71876239999999; 65.74988694; 1.3; 1.1; 2; 0; 20
'RAY'; 'OSA'; 66.19029052; 64.64475111; 1.5; 1.0; 0; 1; 10
'RAY'; 'ZAR'; 66.39375372; 65.50142282; 1.2; 1.4; 0; 2; 20
'RAY'; 'VAL'; 65.50843298; 70.24969549; 1.2; 1.3; 1; 0; 10
'RAY'; 'LEV'; 66.28479329999999; 66.8863078; 1.2; 1.4; 3; 0; 20
'RAY'; 'GET'; 66.28479329999999; 67.6371239; 1.3; 1.3; 3; 1; 20
'RAY'; 'BIL'; 65.99471066; 69.14373001; 1.4; 1.1; 2; 1; 10
'RAY'; 'GRA'; 65.20433285; 65.81889933; 1.6; 0.8; 0; 2; 10
'RAY'; 'BET'; 65.99471066; 66.84011919; 1.4; 1.4; 3; 0; 20
'RAY'; 'SEV'; 65.85210816; 69.64723769999999; 1.4; 1.4; 1; 2; 10
'RAY'; 'AMA'; 65.71061975; 70.85480030000001; 1.5; 1.8; 2; 1; 20
'RAY'; 'REA'; 65.86661148; 74.97232170000001; 1.5; 2.6; 0; 2; 10
'RAY'; 'VAL'; 65.64864496; 63.943143799999994; 1.5; 1.2; 1; 2; 20
'RAY'; 'COR'; 65.99471066; 67.39759821; 1.6; 0.8; 0; 0; 10
'RAY'; 'ESP'; 65.86661148; 66.20340289; 1.5; 1.4; 2; 0; 20
'RAY'; 'BAR'; 65.02422544; 75.18032073; 1.4; 2.8; 1; 3; 10
'RAY'; 'MAL'; 65.78655666; 69.97620369; 1.2; 0.9; 1; 3; 20
'RAY'; 'CEL'; 65.86661148; 65.15280759; 1.1; 1.0; 2; 0; 10
'RAY'; 'SOC'; 65.86661148; 68.34916003; 1.3; 2.4; 0; 2; 20
'RAY'; 'MAL'; 65.67432498; 64.60465623; 1.0; 1.4; 1; 1; 10
'RAY'; 'OSA'; 65.58252058; 64.57937460000001; 1.0; 0.8; 2; 2; 20
'RAY'; 'ZAR'; 65.07309399; 64.91881099; 1.0; 0.9; 0; 3; 10
'RAY'; 'VAL'; 65.21083504; 70.10726418; 1.0; 2.4; 0; 4; 20
'RAY'; 'LEV'; 64.87931916; 66.01182561; 0.9; 0.6; 3; 2; 10
'RAY'; 'GET'; 65.38879647; 66.84697697; 1.2; 0.5; 2; 1; 10
'RAY'; 'BIL'; 65.38879647; 68.71954170000001; 1.2; 1.0; 2; 2; 20
'RAY'; 'ELC'; 65.45679702; 64.39460913; 1.3; 0.0; 3; 0; 20
'RAY'; 'AMA'; 65.03013545; 72.23827626; 1.5; 1.7; 0; 5; 10
'RAY'; 'LEV'; 65.51908016; 65.60962702; 1.3; 0.5; 1; 2; 20
'RAY'; 'MAL'; 65.47932143; 66.79411127; 1.4; 1.2; 0; 5; 10
'RAY'; 'BAR'; 64.52695206; 75.21296798; 1.3; 3.0; 0; 4; 20
'RAY'; 'SEV'; 65.34444347; 67.49172588; 1.1; 1.5; 1; 4; 10
'RAY'; 'VAL'; 65.30271415; 69.11639009; 1.2; 1.2; 0; 1; 10
'RAY'; 'SOC'; 65.15214597; 67.44098193; 1.2; 1.2; 1; 0; 20
'RAY'; 'ALM'; 65.55302349; 57.57858066; 1.0; 1.5; 1; 0; 10
'RAY'; 'VAL'; 64.6247916; 63.51249533; 0.9; 1.3; 0; 3; 20
'RAY'; 'OSA'; 65.55302349; 63.80281584; 0.7; 0.7; 1; 3; 10
'RAY'; 'REA'; 65.51908016; 74.71850485; 0.5; 2.5; 2; 3; 20
'RAY'; 'CEL'; 65.69548709; 63.98312506; 0.7; 1.0; 2; 0; 10
'RAY'; 'ESP'; 65.56518406; 64.46241163; 0.8; 0.8; 1; 4; 20
'RAY'; 'BET'; 65.94716691; 64.63304565; 0.9; 0.7; 2; 2; 10
'RAY'; 'GRA'; 65.80038925; 64.34532231; 1.1; 0.9; 0; 2; 20
'RAY'; 'BIL'; 64.93097843; 69.08026069; 1.0; 1.2; 1; 2; 10
'RAY'; 'VIL'; 65.56916366; 65.09651828; 1.1; 1.5; 2; 5; 20
'RAY'; 'GET'; 66.06806602; 66.91062655; 1.2; 0.8; 1; 0; 10
'RAY'; 'ELC'; 66.06806602; 64.65679323; 1.2; 0.7; 0; 2; 10
'RAY'; 'AMA'; 65.80897511; 71.33821504; 1.2; 2.2; 2; 4; 20
'RAY'; 'LEV'; 65.31357522; 66.54863589; 1.3; 1.0; 0; 0; 10
'RAY'; 'MAL'; 65.34742186; 66.76721648; 1.1; 0.8; 4; 1; 20
'RAY'; 'BAR'; 65.0076066; 76.6464443; 1.3; 2.5; 0; 6; 10
'RAY'; 'SEV'; 66.28290428; 67.7518382; 1.2; 1.5; 0; 1; 20
'RAY'; 'VAL'; 65.46455539; 67.75115415; 1.0; 1.5; 1; 0; 20
'RAY'; 'SOC'; 65.09764874; 66.17166559; 1.1; 1.6; 3; 2; 10
'RAY'; 'ALM'; 65.22231152; 62.76308086; 1.3; 0.9; 3; 1; 20
'RAY'; 'VAL'; 65.18046448; 63.49134068; 1.4; 0.7; 1; 1; 10
'RAY'; 'OSA'; 65.18046448; 64.06480719; 1.4; 0.8; 1; 0; 20
'RAY'; 'REA'; 64.92137357; 73.74805031; 1.5; 2.3; 0; 5; 10
'RAY'; 'CEL'; 65.18046448; 64.91816235; 1.3; 0.7; 3; 0; 20
'RAY'; 'ESP'; 64.90911017; 65.84142284; 1.6; 1.0; 2; 2; 10
'RAY'; 'BET'; 65.16820108; 64.20941293; 1.4; 0.8; 3; 1; 20
'RAY'; 'GRA'; 65.16820108; 64.55527091; 1.7; 0.9; 3; 0; 10
'RAY'; 'BIL'; 65.32154774; 69.30410439; 2.0; 1.7; 0; 3; 20
'RAY'; 'VIL'; 64.77226807; 66.60761354; 1.9; 0.7; 0; 4; 10
'RAY'; 'GET'; 65.16580969; 67.12943593; 1.6; 1.0; 1; 2; 20
'RAY'; 'AMA'; 64.23716925; 70.57934788; 1.4; 1.3; 0; 0; 20
'RAY'; 'COR'; 64.23716925; 64.79037190000001; 1.3; 0.7; 2; 2; 10
'RAY'; 'ELC'; 66.10080562; 64.04381819; 1.4; 0.7; 2; 3; 20
'RAY'; 'VIL'; 65.6910819; 66.37388557; 1.6; 1.1; 2; 4; 10
'RAY'; 'BIL'; 64.74087739; 68.64145247; 1.5; 1.4; 2; 1; 20
'RAY'; 'LEV'; 66.43020487; 65.14855468; 1.5; 0.6; 2; 0; 10
'RAY'; 'BAR'; 65.70771683; 73.86398493; 1.4; 2.3; 0; 2; 20
'RAY'; 'GRA'; 66.32593852; 57.50492012; 1.1; 0.7; 1; 0; 10
'RAY'; 'MAL'; 66.25551643; 65.05216892; 1.2; 0.9; 0; 4; 10
'RAY'; 'EIB'; 66.16227831; 62.54953054; 1.2; 1.0; 2; 3; 20
'RAY'; 'REA'; 59.49574752; 73.74821597; 1.3; 3.7; 1; 5; 10
'RAY'; 'CEL'; 65.87414185; 64.69367035; 1.4; 1.4; 1; 0; 20
'RAY'; 'ALM'; 57.52784481; 61.79079633; 1.3; 0.8; 1; 0; 10
'RAY'; 'SEV'; 64.55335745; 68.39631815; 1.2; 1.9; 0; 1; 20
'RAY'; 'VAL'; 64.81035661; 67.73713623; 1.0; 1.5; 0; 3; 10
'RAY'; 'ESP'; 57.33159604; 64.8165193; 0.8; 1.0; 1; 3; 20
'RAY'; 'GET'; 59.07604675; 65.59553135; 0.7; 0.9; 2; 1; 10
'RAY'; 'COR'; 57.21052951; 61.42096727; 0.9; 0.5; 0; 1; 20
'RAY'; 'SOC'; 66.34695128; 67.22329751; 0.8; 1.0; 1; 0; 10
'RAY'; 'AMA'; 58.01631794; 71.08748481; 0.9; 2.2; 1; 3; 10
'RAY'; 'COR'; 66.34695128; 65.45369774; 0.8; 0.8; 1; 2; 20
'RAY'; 'ELC'; 66.47219566; 64.0965647; 0.8; 0.8; 0; 2; 10
'RAY'; 'VIL'; 58.86401486; 64.88025962; 0.7; 2.0; 2; 0; 20
'RAY'; 'BIL'; 58.86401486; 67.87256169; 0.8; 0.8; 0; 1; 10
'RAY'; 'LEV'; 65.99938623; 64.39428148; 0.8; 0.8; 4; 2; 20
'RAY'; 'BAR'; 65.28325606; 76.20516781; 1.2; 3.4; 1; 6; 10
'RAY'; 'GRA'; 64.55620441; 64.13548079; 1.2; 0.7; 3; 1; 20
'RAY'; 'MAL'; 65.43435126; 64.50505455; 1.3; 1.0; 1; 0; 20
'RAY'; 'EIB'; 64.9258189; 62.20646514; 1.4; 0.3; 2; 1; 10
'RAY'; 'REA'; 58.56900608; 74.69729413; 1.5; 2.3; 0; 2; 20
'RAY'; 'CEL'; 64.72166341; 65.26497846; 1.4; 1.1; 1; 6; 10
'RAY'; 'ALM'; 58.99218524; 61.47950354; 1.4; 0.9; 2; 0; 20
'RAY'; 'SEV'; 64.49957029; 66.92004704; 1.6; 2.2; 0; 2; 10
'RAY'; 'VAL'; 58.37396355; 68.9817808; 1.4; 1.9; 1; 1; 20
'RAY'; 'ESP'; 58.73582896; 64.17506093; 1.5; 1.0; 1; 1; 10
'RAY'; 'GET'; 65.56723513; 65.18275171; 1.2; 0.7; 2; 0; 20
'RAY'; 'COR'; 64.99265021; 61.13680729; 1.3; 0.5; 2; 1; 10
'RAY'; 'SOC'; 58.25434633; 66.81556167; 1.2; 1.0; 2; 4; 20
'RAY'; 'VAL'; 65.32085456; 65.18100595; 1.3; 1.8; 0; 0; 20
'RAY'; 'CEL'; 64.07586585; 65.27459634; 1.1; 2.0; 0; 3; 10
'RAY'; 'COR'; 62.8821755; 65.34423121; 1.1; 0.8; 1; 3; 20
'RAY'; 'LAS'; 64.97101212; 55.64662982; 1.1; 1.0; 1; 0; 10
'RAY'; 'SPG'; 64.82782197; 55.73677375; 1.0; 1.3; 2; 1; 20
'RAY'; 'SEV'; 63.92477048; 67.06002227; 1.2; 1.3; 2; 3; 10
'RAY'; 'BET'; 64.02903683; 63.07385036; 1.3; 1.2; 0; 2; 20
'RAY'; 'BAR'; 64.84531146; 71.57614003; 1.2; 1.7; 2; 5; 10
'RAY'; 'ESP'; 65.22308596; 62.3842257; 1.2; 1.3; 3; 0; 20
'RAY'; 'EIB'; 64.64386518; 61.70446238; 1.3; 1.5; 0; 1; 10
'RAY'; 'GRA'; 64.96474127; 63.98930454; 1.1; 1.0; 2; 1; 20
'RAY'; 'GET'; 62.47581974; 64.59069699999999; 1.3; 1.1; 1; 1; 10
'RAY'; 'BIL'; 63.45680163; 66.24985444; 1.4; 1.8; 0; 3; 20
'RAY'; 'VIL'; 62.54687866; 66.27132167; 1.3; 0.9; 1; 2; 10
'RAY'; 'MAL'; 63.91189007; 65.07786647; 1.3; 0.7; 1; 2; 20
'RAY'; 'REA'; 65.13225918; 74.35100859999999; 1.2; 1.8; 2; 10; 10
'RAY'; 'AMA'; 62.60807547; 70.08444275; 1.2; 1.3; 0; 2; 20
'RAY'; 'SOC'; 62.04769761; 65.90279159; 1.2; 1.2; 2; 2; 20
'RAY'; 'LEV'; 62.45957936; 63.97151636; 1.2; 0.6; 1; 2; 10
'RAY'; 'VAL'; 61.96366538; 65.47747895; 1.0; 1.5; 2; 2; 10
'RAY'; 'CEL'; 62.12870035; 55.27909471; 1.2; 1.1; 3; 0; 20
'RAY'; 'COR'; 62.12870035; 64.88259284; 1.3; 1.2; 2; 2; 10
'RAY'; 'LAS'; 62.17238394; 63.17820289; 1.4; 1.3; 2; 0; 20
'RAY'; 'SPG'; 61.78146863; 55.01135657; 1.6; 1.3; 2; 2; 10
'RAY'; 'SEV'; 63.72610295; 66.82657287; 1.7; 1.5; 2; 2; 20
'RAY'; 'BET'; 61.97313741; 63.68236629; 1.8; 0.6; 2; 2; 10
'RAY'; 'BAR'; 61.41112048; 74.67948113; 1.8; 2.9; 1; 5; 20
'RAY'; 'ESP'; 61.94340401; 61.87891274; 1.9; 1.0; 1; 2; 10
'RAY'; 'EIB'; 64.31158913; 62.23127614; 1.8; 1.5; 1; 1; 20
'RAY'; 'GRA'; 62.88119442; 62.16562882; 1.8; 1.0; 2; 2; 10
'RAY'; 'GET'; 62.17313757; 64.59948095; 1.8; 0.4; 2; 0; 20
'RAY'; 'BIL'; 63.01573218; 66.62347273; 1.7; 1.7; 0; 1; 10
'RAY'; 'VIL'; 62.130758900000004; 64.56874363; 1.5; 1.2; 2; 1; 20
'RAY'; 'MAL'; 62.57011953; 65.59672341; 1.5; 0.9; 1; 1; 10
'RAY'; 'REA'; 61.58481142; 72.71380765; 1.4; 3.1; 2; 3; 20
'RAY'; 'AMA'; 60.43023571; 66.54641909; 1.4; 2.4; 0; 1; 10
'RAY'; 'SOC'; 60.95702035; 65.31604427; 1.2; 0.6; 1; 2; 10
'RAY'; 'LEV'; 62.05854342; 64.10459667; 1.2; 1.1; 3; 1; 20
