'CEL'; 'MAL'; 64.31219251; 70.39413897; 0.0; 1.2; 0; 1; 20
'CEL'; 'SOC'; 64.9218956; 67.55275373; 0.0; 1.5; 1; 2; 10
'CEL'; 'OSA'; 64.44476061; 64.86531146; 0.5; 1.0; 2; 0; 20
'CEL'; 'VAL'; 64.55999084; 69.22703006; 1.0; 1.2; 1; 2; 10
'CEL'; 'GET'; 64.8188653; 67.52545001; 1.0; 1.2; 2; 1; 20
'CEL'; 'GRA'; 64.23948503; 66.25540129; 1.2; 0.7; 1; 2; 10
'CEL'; 'SEV'; 64.23307981; 67.95324570000001; 1.166666667; 1.5; 2; 0; 20
'CEL'; 'REA'; 63.87090463; 76.37738711; 1.285714286; 2.3; 0; 2; 10
'CEL'; 'COR'; 64.8188653; 66.34633281; 1.125; 1.3; 1; 1; 20
'CEL'; 'BAR'; 64.23120296; 76.2444687; 1.111111111; 3.1; 1; 3; 10
'CEL'; 'RAY'; 64.27264681; 65.41655854; 1.1; 1.3; 2; 3; 10
'CEL'; 'MAL'; 63.98151055; 64.64761421; 1.3; 0.9; 1; 1; 20
'CEL'; 'ZAR'; 64.8188653; 64.80455151; 1.3; 1.3; 1; 0; 10
'CEL'; 'LEV'; 64.9218956; 66.74387797; 1.2; 1.1; 1; 1; 20
'CEL'; 'BIL'; 63.901515100000005; 67.93403304; 1.2; 1.1; 0; 1; 10
'CEL'; 'BET'; 64.60355429; 66.91429848; 1.0; 1.4; 0; 1; 20
'CEL'; 'AMA'; 64.45479603; 71.51689579; 0.9; 2.0; 0; 1; 10
'CEL'; 'VAL'; 64.32812263; 64.01511349; 0.7; 1.5; 3; 1; 20
'CEL'; 'ESP'; 64.77098941; 67.01937878; 1.0; 0.8; 0; 1; 10
'CEL'; 'MAL'; 64.51211495; 69.92110262; 0.9; 1.2; 1; 1; 10
'CEL'; 'SOC'; 64.5556784; 67.86807145; 0.9; 2.1; 1; 1; 20
'CEL'; 'OSA'; 64.22307696; 64.2974116; 0.8; 0.6; 0; 1; 10
'CEL'; 'VAL'; 64.63645576; 69.29734088; 0.7; 1.7; 0; 1; 20
'CEL'; 'GET'; 64.8035588; 67.23004762; 0.6; 1.3; 1; 3; 10
'CEL'; 'GRA'; 65.10735304; 65.89406326; 0.6; 1.2; 2; 1; 20
'CEL'; 'SEV'; 64.70215824; 68.75203198; 0.8; 1.3; 1; 4; 10
'CEL'; 'REA'; 64.50831723; 74.65100027; 0.9; 2.5; 1; 2; 20
'CEL'; 'COR'; 64.48295838; 66.72160413; 1.0; 0.8; 1; 3; 10
'CEL'; 'BAR'; 64.82311973; 72.61924705; 0.8; 2.7; 2; 2; 20
'CEL'; 'RAY'; 65.15280759; 65.86661148; 1.0; 1.1; 0; 2; 20
'CEL'; 'MAL'; 63.59822382; 64.75184237; 0.9; 1.5; 0; 1; 10
'CEL'; 'ZAR'; 63.59822382; 64.46039299; 0.8; 0.7; 2; 1; 20
'CEL'; 'LEV'; 63.59822382; 66.69249189; 1.0; 0.7; 1; 0; 10
'CEL'; 'BIL'; 63.44432771; 68.64329613; 1.1; 0.8; 1; 1; 20
'CEL'; 'AMA'; 63.59822382; 71.57858168; 1.1; 1.1; 1; 3; 20
'CEL'; 'BET'; 63.86377406; 66.55722056; 1.0; 2.0; 0; 1; 10
'CEL'; 'VAL'; 64.10190347; 64.53177842; 0.9; 1.9; 2; 0; 10
'CEL'; 'ESP'; 63.44689181; 66.74817939; 1.0; 1.2; 1; 0; 20
'CEL'; 'ESP'; 64.31617969; 66.05024034; 1.0; 1.0; 2; 2; 20
'CEL'; 'BET'; 64.31617969; 65.29379085; 1.0; 1.9; 2; 1; 10
'CEL'; 'GRA'; 64.46693502; 64.48568755; 1.2; 1.2; 1; 1; 20
'CEL'; 'BIL'; 63.88993336; 67.84291704; 1.3; 1.5; 2; 3; 10
'CEL'; 'VIL'; 63.78998402; 67.03010012; 1.3; 1.6; 0; 0; 20
'CEL'; 'GET'; 64.05863016; 65.81998968; 1.2; 0.8; 0; 2; 10
'CEL'; 'ELC'; 63.88993336; 64.68871974; 1.1; 0.833333333; 0; 1; 20
'CEL'; 'AMA'; 64.12897079; 71.91364323; 1.0; 2.3; 1; 2; 10
'CEL'; 'LEV'; 64.08072936; 66.02502218; 1.1; 1.0; 0; 1; 20
'CEL'; 'MAL'; 64.59159323; 67.16329172; 0.9; 1.5; 5; 0; 10
'CEL'; 'BAR'; 64.96032297; 75.00911068; 1.3; 3.0; 0; 3; 20
'CEL'; 'SEV'; 63.86211271; 67.69514861; 1.1; 1.9; 1; 0; 10
'CEL'; 'RAY'; 63.98312506; 65.69548709; 1.0; 0.7; 0; 2; 20
'CEL'; 'SOC'; 64.66691833; 67.44998928; 0.9; 1.5; 3; 4; 10
'CEL'; 'ALM'; 63.96386146; 64.16692688; 1.0; 0.7; 3; 1; 20
'CEL'; 'VAL'; 64.96032297; 63.918735; 1.3; 1.0; 0; 3; 10
'CEL'; 'OSA'; 64.29582988; 64.42698657; 1.3; 0.8; 1; 1; 20
'CEL'; 'REA'; 64.25746583; 75.15117906; 1.4; 3.5; 0; 3; 10
'CEL'; 'VAL'; 64.55183812; 69.53271618; 1.3; 1.3; 2; 1; 20
'CEL'; 'ESP'; 65.05642579; 65.44501643; 1.5; 1.0; 0; 1; 10
'CEL'; 'BET'; 64.44008504; 65.52814497; 1.0; 0.7; 4; 2; 20
'CEL'; 'GRA'; 65.00390874; 64.50093918; 1.4; 1.2; 2; 1; 10
'CEL'; 'BIL'; 64.58200736; 68.66910663; 1.5; 2.4; 0; 0; 20
'CEL'; 'VIL'; 65.17150601; 65.90802839999999; 1.5; 2.3; 2; 0; 10
'CEL'; 'GET'; 64.55183812; 67.09899686; 1.4; 0.5; 1; 1; 20
'CEL'; 'ELC'; 65.17150601; 64.75348164; 1.2; 0.7; 0; 1; 10
'CEL'; 'AMA'; 64.62729394; 71.38974561; 1.2; 1.8; 0; 2; 20
'CEL'; 'LEV'; 64.21666764; 66.35459401; 1.1; 0.9; 1; 0; 10
'CEL'; 'MAL'; 64.56181651; 66.17743879999999; 1.2; 0.7; 0; 2; 20
'CEL'; 'BAR'; 63.92965027; 74.86305007; 1.0; 3.2; 0; 3; 10
'CEL'; 'SEV'; 64.65261211; 68.23321925; 1.0; 1.8; 1; 0; 20
'CEL'; 'RAY'; 64.91816235; 65.18046448; 0.7; 1.3; 0; 3; 10
'CEL'; 'SOC'; 64.83514237; 67.30111876; 0.5; 1.2; 2; 2; 20
'CEL'; 'ALM'; 64.79703691; 63.37842526; 0.7; 1.0; 4; 2; 10
'CEL'; 'VAL'; 64.41864776; 63.15538384; 0.9; 0.9; 4; 1; 20
'CEL'; 'OSA'; 64.82115516; 64.96506403; 1.2; 0.5; 2; 0; 10
'CEL'; 'REA'; 65.66808837; 72.57538087; 1.4; 2.8; 2; 0; 20
'CEL'; 'VAL'; 63.78408076; 69.11814919; 1.6; 1.1; 1; 2; 10
'CEL'; 'GET'; 58.18422771; 66.63717047; 1.6; 0.9; 3; 1; 20
'CEL'; 'COR'; 64.74988428; 61.34519127; 1.9; 1.0; 1; 1; 10
'CEL'; 'SOC'; 64.16076650000001; 65.87322334; 2.0; 1.3; 2; 2; 20
'CEL'; 'AMA'; 64.53487118; 71.79430331; 2.1; 1.2; 2; 2; 10
'CEL'; 'COR'; 64.53487118; 65.12243853; 2.3; 1.0; 2; 1; 20
'CEL'; 'ELC'; 64.32626692; 63.33990285; 2.3; 0.8; 1; 0; 10
'CEL'; 'VIL'; 64.53487118; 66.82735241; 2.0; 1.5; 1; 3; 20
'CEL'; 'BIL'; 64.12285183; 68.67268790000001; 1.7; 0.8; 1; 1; 10
'CEL'; 'LEV'; 63.7481879; 65.22901995; 1.6; 0.6; 3; 0; 20
'CEL'; 'BAR'; 64.23861852; 73.86919212; 1.7; 2.4; 1; 0; 10
'CEL'; 'GRA'; 64.23861852; 63.87150021; 1.7; 0.6; 0; 0; 20
'CEL'; 'RAY'; 64.69367035; 65.87414185; 1.4; 1.4; 0; 1; 10
'CEL'; 'EIB'; 64.68378893; 63.36088639; 1.3; 1.1; 0; 1; 20
'CEL'; 'REA'; 64.65063787; 74.21994401; 1.1; 4.3; 0; 3; 10
'CEL'; 'MAL'; 64.53623019; 65.70217336; 0.9; 1.4; 0; 1; 10
'CEL'; 'ALM'; 65.08641693; 60.58709498; 0.7; 0.8; 0; 1; 20
'CEL'; 'SEV'; 64.4138869; 68.08396035; 0.6; 1.6; 0; 1; 10
'CEL'; 'VAL'; 64.32915948; 69.13228102; 0.5; 1.4; 1; 1; 20
'CEL'; 'ESP'; 64.87126310000001; 64.4400191; 0.5; 1.2; 0; 1; 10
'CEL'; 'GET'; 64.15137514; 64.76017767; 0.2; 0.8; 1; 2; 10
'CEL'; 'COR'; 64.02913058; 62.07370858; 0.2; 1.0; 1; 0; 20
'CEL'; 'SOC'; 63.91249809; 66.83137456; 0.3; 0.9; 1; 1; 10
'CEL'; 'AMA'; 64.46140825; 71.02190418; 0.4; 2.4; 2; 0; 20
'CEL'; 'COR'; 64.58860458; 65.45369774; 0.6; 0.9; 2; 0; 10
'CEL'; 'ELC'; 65.08641693; 63.84701034; 0.8; 0.9; 1; 1; 20
'CEL'; 'VIL'; 64.87614586; 64.52384159; 0.9; 1.5; 1; 4; 10
'CEL'; 'BIL'; 64.90074106; 67.58412589; 1.0; 0.9; 1; 2; 20
'CEL'; 'LEV'; 64.67586068; 65.34980156; 1.1; 1.0; 1; 0; 10
'CEL'; 'BAR'; 64.86759; 74.62534633; 1.1; 3.6; 0; 1; 20
'CEL'; 'GRA'; 64.33364864; 65.23963499999999; 1.1; 0.8; 1; 1; 10
'CEL'; 'RAY'; 65.26497846; 64.72166341; 1.1; 1.4; 6; 1; 20
'CEL'; 'EIB'; 65.26497846; 62.5356953; 1.6; 0.3; 1; 0; 10
'CEL'; 'REA'; 65.26497846; 72.60713284; 1.6; 2.5; 2; 4; 20
'CEL'; 'MAL'; 64.99478634; 65.44516999; 1.6; 1.1; 1; 0; 20
'CEL'; 'ALM'; 64.67586068; 61.6016582; 1.5; 0.7; 2; 2; 10
'CEL'; 'SEV'; 63.66563427; 65.54708697; 1.6; 2.3; 1; 1; 20
'CEL'; 'VAL'; 65.18127612; 68.45228774; 1.6; 2.0; 1; 1; 10
'CEL'; 'ESP'; 65.26497846; 63.87801901; 1.6; 1.3; 3; 2; 20
'CEL'; 'LEV'; 64.73462155; 63.34917435; 1.8; 1.1; 2; 1; 10
'CEL'; 'RAY'; 65.27459634; 64.07586585; 2.0; 1.1; 3; 0; 20
'CEL'; 'LAS'; 64.94834533; 56.38228714; 2.2; 0.0; 3; 3; 20
'CEL'; 'SEV'; 64.86257699; 66.94612412; 1.9; 1.5; 2; 1; 10
'CEL'; 'BAR'; 64.62795657; 75.06423334; 2.0; 2.9; 4; 1; 20
'CEL'; 'EIB'; 63.38565067; 62.35464414; 2.2; 1.3; 1; 1; 10
'CEL'; 'GET'; 64.31937384; 65.61976989; 2.2; 1.1; 0; 0; 20
'CEL'; 'VIL'; 64.53632597; 64.46906829; 2.0; 1.5; 2; 1; 10
'CEL'; 'REA'; 64.53632597; 72.42858819; 2.1; 2.9; 1; 3; 20
'CEL'; 'SOC'; 64.27283705; 66.31952073; 2.1; 1.4; 3; 2; 10
'CEL'; 'VAL'; 64.48978918; 65.31891845; 2.1; 1.1; 1; 5; 20
'CEL'; 'COR'; 64.48978918; 65.72216460000001; 2.0; 1.6; 0; 2; 10
'CEL'; 'SPG'; 64.15334644; 63.15779376; 1.7; 1.1; 2; 1; 20
'CEL'; 'BET'; 64.35728033; 63.08705887; 1.6; 1.0; 1; 1; 10
'CEL'; 'ESP'; 64.64342751; 56.29888749; 1.5; 1.0; 1; 0; 20
'CEL'; 'GRA'; 63.30119202; 62.19178806; 1.2; 1.3; 2; 0; 10
'CEL'; 'BIL'; 63.89726873; 66.62446259; 1.3; 1.9; 0; 1; 20
'CEL'; 'MAL'; 63.57895454; 66.06403827; 1.3; 0.8; 0; 2; 10
'CEL'; 'AMA'; 64.31937384; 69.52531563; 1.1; 1.3; 0; 2; 20
'CEL'; 'LEV'; 63.72244659; 63.18102095; 1.0; 0.8; 4; 3; 20
'CEL'; 'RAY'; 55.27909471; 62.12870035; 1.1; 1.2; 0; 3; 10
'CEL'; 'LAS'; 63.56793896; 62.0596035; 1.0; 1.2; 1; 2; 10
'CEL'; 'SEV'; 62.85165154; 67.95423857; 1.1; 1.4; 1; 1; 20
'CEL'; 'BAR'; 63.90576373; 75.12329288; 1.0; 2.7; 1; 6; 10
'CEL'; 'EIB'; 63.4549294; 61.76083578; 1.0; 2.0; 3; 2; 20
'CEL'; 'GET'; 63.75906104; 64.07390394; 1.2; 1.0; 1; 0; 10
'CEL'; 'VIL'; 64.71893895; 64.7891164; 1.1; 1.2; 0; 0; 20
'CEL'; 'REA'; 63.86247828; 71.62858543; 1.1; 2.9; 1; 7; 10
'CEL'; 'SOC'; 64.51186825; 64.86638074; 1.2; 1.7; 1; 0; 20
'CEL'; 'VAL'; 64.55302696; 66.04542273; 1.3; 1.0; 2; 0; 10
'CEL'; 'COR'; 64.16553828; 65.58514029999999; 1.1; 1.2; 1; 1; 20
'CEL'; 'SPG'; 64.06784931; 61.85727732; 1.2; 0.9; 1; 0; 10
'CEL'; 'BET'; 63.492928899999995; 62.87195428; 1.2; 1.4; 1; 1; 20
'CEL'; 'ESP'; 64.04835023; 62.22164001; 1.2; 1.4; 1; 1; 10
'CEL'; 'GRA'; 64.2760712; 63.06405335; 1.2; 1.3; 2; 1; 20
'CEL'; 'BIL'; 64.55996829; 68.26262938; 1.1; 1.8; 1; 2; 10
'CEL'; 'MAL'; 63.86247828; 66.35587978; 1.1; 1.1; 1; 0; 20
'CEL'; 'AMA'; 64.07620206; 70.39122172; 1.2; 2.2; 0; 2; 10
