'SOC'; 'VIL'; 65.30985067; 70.47860954; 0.0; 1.8; 1; 0; 20
'SOC'; 'ALM'; 65.30985067; 65.65669101; 1.0; 1.2; 2; 2; 10
'SOC'; 'REA'; 66.60025471; 76.36807821; 1.5; 2.0; 1; 2; 20
'SOC'; 'OSA'; 65.70165508; 66.5039593; 1.333333333; 0.9; 1; 3; 10
'SOC'; 'MAL'; 66.60025471; 59.2848519; 1.25; 1.4; 0; 2; 10
'SOC'; 'ESP'; 66.60025471; 66.67776449; 1.0; 0.8; 1; 0; 20
'SOC'; 'LEV'; 66.78477852; 64.56130962; 1.0; 0.833333333; 1; 2; 10
'SOC'; 'COR'; 66.60025471; 63.94308309; 1.0; 0.5; 3; 0; 20
'SOC'; 'MAL'; 66.99205912; 65.23025942; 1.25; 1.1; 2; 1; 10
'SOC'; 'SAN'; 66.41540623; 66.54728882; 1.333333333; 1.1; 1; 0; 20
'SOC'; 'HER'; 66.5785605; 63.93884079; 1.3; 0.9; 1; 2; 10
'SOC'; 'AMA'; 66.60025471; 71.29519502; 1.3; 1.2; 2; 4; 20
'SOC'; 'SPG'; 66.53992413; 64.74823865; 1.3; 0.8; 3; 1; 10
'SOC'; 'BIL'; 66.60025471; 69.3762146; 1.5; 1.7; 2; 0; 20
'SOC'; 'BAR'; 66.5785605; 76.72382344; 1.6; 3.5; 0; 5; 10
'SOC'; 'VAL'; 66.60025471; 69.98316733; 1.6; 1.3; 1; 2; 20
'SOC'; 'ZAR'; 66.65833224; 65.48027894; 1.6; 0.9; 1; 2; 10
'SOC'; 'SEV'; 64.71233001; 70.63221391; 1.6; 1.2; 2; 3; 20
'SOC'; 'GET'; 66.00273405; 66.8815315; 1.5; 1.4; 4; 0; 10
'SOC'; 'VIL'; 66.19185251; 69.85101042; 1.7; 2.1; 1; 2; 10
'SOC'; 'ALM'; 65.86853492; 65.43275311; 1.7; 1.2; 2; 0; 20
'SOC'; 'REA'; 66.00273405; 75.39695241; 1.8; 2.0; 1; 4; 10
'SOC'; 'OSA'; 65.0329945; 66.81758633; 1.7; 0.9; 1; 0; 20
'SOC'; 'MAL'; 66.07878575; 64.20541726; 1.5; 0.9; 1; 0; 20
'SOC'; 'ESP'; 66.78828004; 66.05088738; 1.4; 1.4; 1; 4; 10
'SOC'; 'LEV'; 66.07878575; 66.11808096; 1.5; 0.9; 1; 1; 20
'SOC'; 'COR'; 66.31753034; 65.57599367; 1.5; 0.8; 1; 2; 10
'SOC'; 'MAL'; 66.26652783; 65.46047606; 1.5; 1.0; 0; 2; 20
'SOC'; 'SAN'; 66.79205912; 65.35030662; 1.3; 1.2; 1; 2; 10
'SOC'; 'HER'; 66.60025471; 64.23862989; 1.0; 0.3; 1; 3; 20
'SOC'; 'AMA'; 66.50962007; 72.26326369; 1.0; 1.4; 0; 3; 10
'SOC'; 'SPG'; 65.89433081; 65.49107217; 0.8; 0.7; 2; 1; 20
'SOC'; 'BIL'; 66.07917929999999; 68.51041178; 0.9; 1.2; 1; 2; 10
'SOC'; 'BAR'; 66.36078103; 72.56638645; 0.9; 1.7; 2; 1; 20
'SOC'; 'VAL'; 66.68412813; 70.71406252; 1.0; 1.9; 0; 3; 10
'SOC'; 'ZAR'; 66.41251263; 65.96328563; 0.9; 1.4; 2; 1; 20
'SOC'; 'SEV'; 64.87959793; 68.44255555; 1.0; 1.5; 1; 3; 10
'SOC'; 'GET'; 66.56532648; 66.69124493; 1.0; 1.2; 1; 1; 20
'SOC'; 'SPG'; 66.71930113; 64.13777684; 1.1; 0.9; 2; 1; 10
'SOC'; 'BAR'; 66.85423916; 73.20967879; 1.2; 1.9; 2; 2; 20
'SOC'; 'SEV'; 66.32837008; 69.79565428; 1.3; 2.0; 0; 1; 10
'SOC'; 'GRA'; 67.21967484; 65.14562423; 1.3; 0.333333333; 1; 0; 20
'SOC'; 'MAL'; 66.56554619; 65.13116301; 1.2; 1.1; 1; 2; 10
'SOC'; 'BIL'; 67.18796604; 69.16394411; 1.2; 1.3; 1; 2; 20
'SOC'; 'ZAR'; 66.30345296; 65.70437098; 1.1; 1.2; 0; 2; 10
'SOC'; 'GET'; 67.04604685; 67.07458654; 1.1; 0.9; 0; 0; 20
'SOC'; 'LEV'; 66.25321375; 66.13548578; 0.9; 1.5; 2; 3; 10
'SOC'; 'REA'; 66.20348589999999; 75.89398777; 1.0; 3.9; 0; 1; 20
'SOC'; 'RAY'; 67.17357209999999; 65.43843372; 0.9; 1.0; 0; 4; 10
'SOC'; 'ESP'; 66.81828599; 66.22031411; 0.7; 0.9; 0; 0; 20
'SOC'; 'BET'; 67.17031094; 66.15048435; 0.5; 0.8; 3; 2; 10
'SOC'; 'MAL'; 66.54789109; 70.17910237; 0.8; 1.1; 3; 2; 20
'SOC'; 'VIL'; 67.17031094; 70.19111977; 1.0; 0.7; 1; 1; 10
'SOC'; 'SAN'; 67.23207692; 66.33926439999999; 1.0; 0.8; 0; 0; 10
'SOC'; 'OSA'; 66.47044143; 64.71298208; 0.9; 1.6; 0; 0; 20
'SOC'; 'VAL'; 66.33138419; 69.37364356; 0.9; 1.8; 1; 0; 10
'SOC'; 'AMA'; 66.47044143; 71.89892864; 1.0; 1.7; 0; 4; 20
'SOC'; 'SPG'; 67.17031094; 65.09630316; 0.8; 1.1; 5; 1; 20
'SOC'; 'BAR'; 67.38517051; 74.36531454; 1.3; 2.7; 1; 2; 10
'SOC'; 'SEV'; 67.35840284; 68.57206109999998; 1.4; 1.1; 2; 0; 20
'SOC'; 'GRA'; 67.45638263; 65.09260829; 1.6; 1.2; 1; 4; 10
'SOC'; 'MAL'; 67.11853118; 65.3821889; 1.4; 1.8; 1; 0; 20
'SOC'; 'BIL'; 66.97947394; 69.63749625; 1.2; 1.9; 0; 2; 10
'SOC'; 'ZAR'; 67.16896851; 64.99967414; 1.1; 0.9; 3; 0; 20
'SOC'; 'GET'; 66.89627731; 66.84225442; 1.4; 1.0; 0; 1; 10
'SOC'; 'LEV'; 67.00409247; 66.43852634; 1.4; 1.3; 1; 3; 20
'SOC'; 'REA'; 67.36727298; 75.73087845; 1.4; 2.7; 1; 5; 10
'SOC'; 'RAY'; 67.08672076; 65.32690022; 1.5; 2.1; 4; 0; 20
'SOC'; 'ESP'; 66.38043864; 67.13249079; 1.4; 1.5; 2; 2; 10
'SOC'; 'BET'; 65.77693493; 66.16689487; 1.5; 1.5; 1; 1; 20
'SOC'; 'MAL'; 66.67272618; 69.07736413; 1.4; 1.4; 1; 1; 10
'SOC'; 'VIL'; 66.35367097; 68.17005224; 1.4; 1.1; 1; 1; 20
'SOC'; 'SAN'; 66.71136254; 62.92112853; 1.4; 0.5; 3; 0; 20
'SOC'; 'AMA'; 66.76965652; 70.98777161; 1.7; 1.5; 1; 1; 10
'SOC'; 'OSA'; 66.35367097; 65.36454484; 1.5; 0.8; 0; 1; 10
'SOC'; 'VAL'; 66.872114; 68.18613926; 1.5; 1.6; 1; 0; 20
'SOC'; 'BAR'; 66.80151406; 76.19516703; 1.5; 3.2; 1; 5; 10
'SOC'; 'CEL'; 67.55275373; 64.9218956; 1.5; 0.0; 2; 1; 20
'SOC'; 'MAL'; 66.27275812; 64.81144889999999; 1.3; 1.1; 0; 1; 10
'SOC'; 'ZAR'; 67.42494494; 64.14932275; 1.1; 1.0; 2; 0; 20
'SOC'; 'LEV'; 66.62405139; 66.74387797; 1.2; 1.3; 1; 2; 10
'SOC'; 'BIL'; 66.25103921; 67.59627653; 1.2; 0.9; 2; 0; 20
'SOC'; 'BET'; 66.25103921; 65.52245078; 1.3; 1.7; 0; 2; 10
'SOC'; 'AMA'; 66.98058467; 71.08026518; 1.0; 2.2; 0; 1; 20
'SOC'; 'VAL'; 67.24855595; 65.24214839999999; 0.9; 1.4; 2; 2; 10
'SOC'; 'ESP'; 66.3182798; 65.57729567; 1.1; 1.2; 0; 1; 20
'SOC'; 'MAL'; 67.02591285; 69.04225788; 1.0; 1.1; 2; 1; 10
'SOC'; 'RAY'; 68.06076134; 65.44217838; 1.1; 1.5; 4; 0; 20
'SOC'; 'OSA'; 68.22037215; 64.64475111; 1.3; 1.0; 0; 0; 20
'SOC'; 'VAL'; 68.14916003; 69.51571779999999; 1.3; 1.3; 5; 2; 10
'SOC'; 'GET'; 68.08752902; 67.29093646; 1.6; 1.2; 1; 1; 20
'SOC'; 'GRA'; 68.22037215; 65.54460098; 1.6; 0.9; 0; 0; 10
'SOC'; 'SEV'; 68.29234185; 69.66354040000002; 1.4; 1.3; 2; 1; 20
'SOC'; 'REA'; 67.81543315; 73.15339703; 1.6; 2.7; 3; 4; 10
'SOC'; 'COR'; 67.58015436; 65.52714472; 1.9; 0.9; 1; 1; 20
'SOC'; 'BAR'; 68.14434720000001; 76.62638309; 1.8; 3.5; 3; 2; 20
'SOC'; 'CEL'; 67.86807145; 64.5556784; 2.1; 0.9; 1; 1; 10
'SOC'; 'MAL'; 67.69982581; 66.46799998; 2.0; 1.4; 3; 0; 20
'SOC'; 'ZAR'; 68.34916003; 64.7369755; 1.9; 0.7; 2; 1; 10
'SOC'; 'LEV'; 68.14434720000001; 66.25637996; 2.1; 1.4; 1; 1; 20
'SOC'; 'BIL'; 68.14434720000001; 67.79887947; 1.7; 1.0; 3; 1; 10
'SOC'; 'BET'; 68.20597821; 66.77128982; 1.9; 1.0; 3; 3; 20
'SOC'; 'AMA'; 67.61961458; 72.33568979; 2.2; 1.2; 1; 0; 10
'SOC'; 'VAL'; 68.22037215; 63.86881113; 2.1; 1.0; 4; 1; 20
'SOC'; 'ESP'; 66.58476609; 66.44437593; 2.2; 1.4; 2; 2; 10
'SOC'; 'MAL'; 67.75867182; 67.83469484; 2.3; 1.3; 4; 2; 20
'SOC'; 'RAY'; 68.34916003; 65.86661148; 2.4; 1.3; 2; 0; 10
'SOC'; 'OSA'; 67.98241569; 64.57512989; 2.5; 0.9; 0; 0; 10
'SOC'; 'VAL'; 68.11757952; 70.08416854; 2.2; 1.9; 4; 2; 20
'SOC'; 'GET'; 67.6874597; 66.76391016; 2.4; 1.1; 1; 2; 10
'SOC'; 'GRA'; 68.73071083; 66.00541971; 2.4; 0.7; 2; 2; 20
'SOC'; 'SEV'; 68.01309259; 68.37770215; 2.3; 1.8; 2; 1; 10
'SOC'; 'REA'; 68.14434720000001; 73.14211325; 2.2; 3.2; 3; 3; 20
'SOC'; 'COR'; 68.34916003; 66.37359775; 2.4; 1.8; 1; 0; 10
'SOC'; 'GET'; 67.15258324; 66.91918083; 2.1; 0.5; 2; 0; 20
'SOC'; 'ELC'; 67.17726944; 65.08648574; 2.1; 0.0; 1; 1; 10
'SOC'; 'AMA'; 67.85090251; 71.91364323; 1.8; 2.2; 1; 2; 20
'SOC'; 'LEV'; 67.53389045; 65.3377956; 1.7; 0.7; 0; 0; 10
'SOC'; 'MAL'; 67.90817226; 66.69689966; 1.7; 1.6; 0; 0; 20
'SOC'; 'BAR'; 65.60133541; 76.79155922; 1.3; 3.2; 1; 4; 10
'SOC'; 'SEV'; 68.07399718; 66.86918713; 1.3; 1.6; 1; 1; 20
'SOC'; 'RAY'; 67.44098193; 65.15214597; 1.2; 1.2; 0; 1; 10
'SOC'; 'VAL'; 67.6874597; 70.11983469; 1.0; 1.1; 2; 1; 10
'SOC'; 'ALM'; 67.93493994; 57.12884553; 0.9; 1.2; 3; 0; 20
'SOC'; 'VAL'; 67.5600452; 63.11120975; 1.1; 1.4; 2; 2; 10
'SOC'; 'OSA'; 67.04115578; 64.03470396; 1.1; 0.9; 5; 0; 20
'SOC'; 'REA'; 68.04608886; 73.88844689; 1.5; 2.7; 1; 5; 10
'SOC'; 'CEL'; 67.44998928; 64.66691833; 1.5; 0.9; 4; 3; 20
'SOC'; 'ESP'; 67.78931155; 64.36101302; 1.9; 1.1; 2; 1; 10
'SOC'; 'BET'; 67.98693892; 65.22830748; 2.1; 0.9; 5; 1; 20
'SOC'; 'GRA'; 67.98693892; 64.00950308; 2.5; 1.1; 3; 1; 10
'SOC'; 'BIL'; 67.98693892; 68.66910663; 2.7; 1.4; 2; 0; 20
'SOC'; 'VIL'; 67.98693892; 66.44330358; 2.9; 1.7; 1; 5; 10
'SOC'; 'GET'; 67.08658513; 65.83157614; 2.8; 0.6; 2; 2; 10
'SOC'; 'ELC'; 67.98693892; 64.98520724; 2.7; 0.9; 4; 0; 20
'SOC'; 'AMA'; 66.59047427; 71.10504252; 2.9; 2.4; 0; 4; 10
'SOC'; 'LEV'; 67.78212609; 66.64741835; 2.4; 1.0; 0; 0; 20
'SOC'; 'MAL'; 67.22027461; 66.071564; 2.3; 0.8; 1; 0; 10
'SOC'; 'BAR'; 66.52311142; 73.7964688; 2.0; 2.7; 3; 1; 20
'SOC'; 'SEV'; 66.39706524; 68.21336481; 2.1; 1.4; 0; 1; 10
'SOC'; 'RAY'; 66.17166559; 65.09764874; 1.6; 1.1; 2; 3; 20
'SOC'; 'VAL'; 67.30111876; 69.05984823; 1.5; 0.9; 1; 0; 20
'SOC'; 'ALM'; 67.99049000000001; 63.86740473; 1.4; 0.7; 3; 4; 10
'SOC'; 'VAL'; 67.22027461; 64.10326602; 1.6; 1.0; 1; 0; 20
'SOC'; 'OSA'; 67.36221527; 64.04916374; 1.5; 0.8; 1; 1; 10
'SOC'; 'REA'; 67.07428751; 72.72878714; 1.2; 2.6; 0; 4; 20
'SOC'; 'CEL'; 67.30111876; 64.83514237; 1.2; 0.5; 2; 2; 10
'SOC'; 'ESP'; 66.81702366; 65.08442139; 1.4; 1.1; 2; 1; 20
'SOC'; 'BET'; 66.81689405; 64.1941932; 1.5; 0.9; 1; 0; 10
'SOC'; 'GRA'; 68.0624597; 64.75729111; 1.3; 0.8; 1; 1; 20
'SOC'; 'BIL'; 67.67185123; 69.14046803; 1.4; 1.6; 1; 1; 10
'SOC'; 'VIL'; 67.7714507; 66.22392705; 1.3; 1.1; 1; 2; 20
'SOC'; 'EIB'; 65.9065423; 62.34675392; 1.3; 0.0; 0; 1; 10
'SOC'; 'REA'; 65.95098627; 74.88130764; 1.0; 2.6; 4; 2; 20
'SOC'; 'CEL'; 65.87322334; 64.16076650000001; 1.3; 2.0; 2; 2; 10
'SOC'; 'ALM'; 66.53079910000001; 61.76226426; 1.4; 1.2; 1; 2; 20
'SOC'; 'SEV'; 65.93534282; 68.06157957; 1.5; 1.8; 0; 1; 10
'SOC'; 'VAL'; 65.98913243; 67.9082651; 1.3; 1.9; 1; 1; 20
'SOC'; 'ESP'; 66.2386405; 64.43099527; 1.2; 1.0; 0; 2; 10
'SOC'; 'GET'; 65.78967182; 64.82480961; 1.1; 0.9; 1; 2; 20
'SOC'; 'COR'; 65.64615331; 60.30923429; 1.1; 1.0; 1; 1; 10
'SOC'; 'MAL'; 63.986572200000005; 65.05216892; 1.1; 1.2; 0; 1; 20
'SOC'; 'AMA'; 67.03532844; 71.0785781; 1.0; 1.9; 2; 1; 20
'SOC'; 'COR'; 66.55354018; 64.9188671; 1.2; 1.0; 0; 0; 10
'SOC'; 'ELC'; 66.61929577; 64.40946388; 0.8; 1.1; 3; 0; 20
'SOC'; 'VIL'; 66.39230578; 67.69897009; 0.9; 1.7; 0; 4; 10
'SOC'; 'BIL'; 66.80213941; 68.09095996; 0.8; 0.9; 1; 1; 20
'SOC'; 'LEV'; 66.80240679; 65.65833994; 0.9; 1.0; 1; 1; 10
'SOC'; 'BAR'; 67.73244244; 72.75119862; 0.9; 2.4; 1; 0; 20
'SOC'; 'GRA'; 67.11226337; 63.83897355; 1.0; 0.5; 1; 1; 10
'SOC'; 'RAY'; 67.22329751; 66.34695128; 1.0; 0.8; 0; 1; 20
'SOC'; 'EIB'; 66.87340574; 61.90726371; 0.9; 1.5; 1; 0; 20
'SOC'; 'REA'; 66.12216607; 73.31804193; 1.0; 3.1; 1; 4; 10
'SOC'; 'CEL'; 66.83137456; 63.91249809; 0.9; 0.3; 1; 1; 20
'SOC'; 'ALM'; 66.0880725; 62.37534879; 1.0; 1.1; 2; 2; 10
'SOC'; 'SEV'; 67.12444816; 66.21289574; 0.9; 1.5; 4; 3; 20
'SOC'; 'VAL'; 65.96935221; 68.88337279; 1.3; 1.8; 0; 2; 10
'SOC'; 'ESP'; 66.67856071; 63.8648741; 1.2; 1.5; 1; 0; 20
'SOC'; 'GET'; 66.67856071; 66.58532746; 1.2; 1.2; 1; 0; 10
'SOC'; 'COR'; 66.67856071; 61.40265393; 1.2; 0.5; 3; 1; 20
'SOC'; 'MAL'; 66.73537889; 65.32010717; 1.4; 0.9; 1; 1; 10
'SOC'; 'AMA'; 65.33438952; 70.46967226; 1.5; 1.8; 0; 2; 10
'SOC'; 'COR'; 66.67856071; 65.46526267; 1.4; 0.7; 2; 2; 20
'SOC'; 'ELC'; 66.24997393; 63.88474483; 1.5; 0.8; 0; 1; 10
'SOC'; 'VIL'; 67.65825094; 66.34139621; 1.4; 0.7; 0; 0; 20
'SOC'; 'BIL'; 67.04055932; 67.87567289; 1.2; 1.3; 1; 1; 10
'SOC'; 'LEV'; 66.78997528; 64.39424791; 0.9; 1.3; 3; 0; 20
'SOC'; 'BAR'; 67.43249337; 74.29037005; 1.2; 3.5; 0; 2; 10
'SOC'; 'GRA'; 67.31454922; 64.84952288; 1.1; 0.9; 0; 3; 20
'SOC'; 'RAY'; 66.81556167; 58.25434633; 1.0; 1.2; 4; 2; 10
'SOC'; 'COR'; 66.95449237; 66.06132352; 1.1; 0.7; 0; 0; 10
'SOC'; 'SPG'; 66.80610465; 62.51125583; 1.0; 1.4; 0; 0; 20
'SOC'; 'BET'; 66.49623907; 65.87392226; 1.0; 1.1; 0; 1; 10
'SOC'; 'ESP'; 66.75044783; 61.80801244; 0.8; 1.2; 2; 3; 20
'SOC'; 'GRA'; 65.89209551; 62.65959031; 1.0; 1.2; 3; 0; 10
'SOC'; 'BIL'; 66.19223981; 67.3412458; 1.3; 1.4; 0; 0; 20
'SOC'; 'MAL'; 66.19223981; 66.28043158; 1.2; 0.6; 1; 3; 10
'SOC'; 'AMA'; 66.41183965; 70.65906205; 1.0; 1.2; 0; 2; 20
'SOC'; 'LEV'; 66.31952073; 62.64786546; 1.0; 0.6; 4; 0; 10
'SOC'; 'CEL'; 66.31952073; 64.27283705; 1.4; 2.1; 2; 3; 20
'SOC'; 'LAS'; 67.25734914; 63.17128632; 1.2; 0.7; 0; 2; 10
'SOC'; 'SEV'; 66.14375206; 67.539671; 1.2; 1.7; 2; 0; 20
'SOC'; 'BAR'; 66.87340574; 75.77900266; 1.4; 2.7; 0; 4; 10
'SOC'; 'EIB'; 66.94461786; 61.90428529; 1.4; 1.2; 2; 1; 20
'SOC'; 'GET'; 67.0603134; 65.6608697; 1.4; 1.2; 1; 1; 10
'SOC'; 'VIL'; 66.61442596; 66.26333185; 1.2; 0.8; 0; 2; 20
'SOC'; 'REA'; 65.80228131; 72.97442544; 1.2; 2.8; 1; 3; 10
'SOC'; 'RAY'; 65.90279159; 62.04769761; 1.2; 1.2; 2; 2; 10
'SOC'; 'VAL'; 66.35009798; 66.26505619; 1.4; 1.6; 2; 0; 20
'SOC'; 'COR'; 66.35009798; 65.03264949; 1.2; 1.2; 1; 1; 20
'SOC'; 'SPG'; 64.99028356; 55.615312800000005; 1.1; 0.7; 1; 5; 10
'SOC'; 'BET'; 65.00522392; 61.94469258; 1.2; 0.3; 2; 1; 20
'SOC'; 'ESP'; 64.66725091; 62.95021246; 1.2; 0.6; 5; 0; 10
'SOC'; 'GRA'; 65.13000531; 62.60697893; 1.7; 1.0; 3; 0; 20
'SOC'; 'BIL'; 66.20893818; 68.27969698; 1.8; 1.4; 1; 0; 10
'SOC'; 'MAL'; 65.68728458; 63.39105913; 1.8; 1.3; 1; 1; 20
'SOC'; 'AMA'; 64.81215582; 69.52531563; 1.9; 1.4; 0; 3; 10
'SOC'; 'LEV'; 66.05309402; 63.00806606; 1.8; 1.3; 1; 1; 20
'SOC'; 'CEL'; 64.86638074; 64.51186825; 1.7; 1.2; 0; 1; 10
'SOC'; 'LAS'; 65.43987088; 62.84098567; 1.5; 1.2; 0; 1; 20
'SOC'; 'SEV'; 66.21064682; 67.35878873; 1.4; 1.5; 2; 1; 10
'SOC'; 'BAR'; 66.04558972; 72.57900185; 1.5; 3.3; 1; 0; 20
'SOC'; 'EIB'; 64.76714361; 63.27174936; 1.4; 0.8; 1; 2; 10
'SOC'; 'GET'; 63.87274289; 57.85176957; 1.0; 0.3; 1; 2; 20
'SOC'; 'VIL'; 64.44903302; 65.84393037; 0.8; 1.2; 0; 0; 10
'SOC'; 'REA'; 64.83072298; 70.42059023; 0.7; 3.3; 0; 1; 20
'SOC'; 'RAY'; 65.31604427; 60.95702035; 0.6; 1.2; 2; 1; 20
'SOC'; 'VAL'; 64.8463473; 65.79465662; 0.8; 1.4; 1; 0; 10
