'BAR'; 'NUM'; 76.96669235; 49.89383819; 0.0; 0.0; 0; 1; 10
'BAR'; 'SAN'; 75.02659299; 67.08754817; 0.0; 1.0; 1; 1; 20
'BAR'; 'SPG'; 75.7373822; 61.58875598; 0.5; 2.0; 6; 1; 10
'BAR'; 'BET'; 75.46622648; 65.46389074; 2.333333333; 0.0; 3; 2; 20
'BAR'; 'ESP'; 76.89727287; 67.03753837; 2.5; 0.75; 2; 1; 10
'BAR'; 'AMA'; 75.14527431; 70.64017811; 2.4; 2.2; 6; 1; 20
'BAR'; 'BIL'; 74.00076939; 67.35664183; 3.0; 0.666666667; 1; 0; 10
'BAR'; 'ALM'; 76.96669235; 64.36736025; 2.714285714; 1.285714286; 5; 0; 20
'BAR'; 'MAL'; 76.70897533; 65.38290651; 3.0; 1.6; 4; 1; 10
'BAR'; 'VAL'; 75.89624806; 66.52458251; 3.111111111; 1.8; 6; 0; 20
'BAR'; 'HUE'; 76.70897533; 57.53586126; 3.4; 0.5; 2; 0; 10
'BAR'; 'GET'; 68.2384059; 67.96383899; 3.6; 0.8; 1; 1; 20
'BAR'; 'SEV'; 76.4312131; 68.78729589; 3.6; 1.3; 3; 0; 10
'BAR'; 'VAL'; 75.13583377; 70.90788398; 3.3; 2.0; 4; 0; 20
'BAR'; 'REA'; 75.52851054; 73.56082757; 3.4; 1.9; 2; 0; 20
'BAR'; 'VIL'; 76.38673285; 70.69050595; 3.4; 1.9; 2; 1; 10
'BAR'; 'MAL'; 72.98076737; 65.94512022; 3.0; 1.4; 3; 1; 20
'BAR'; 'OSA'; 76.38673285; 67.09360356; 3.2; 1.4; 3; 2; 10
'BAR'; 'COR'; 76.71282622; 67.35642789; 3.0; 1.8; 5; 0; 20
'BAR'; 'NUM'; 77.616043; 55.91640935; 3.1; 1.6; 4; 1; 20
'BAR'; 'SAN'; 75.77853163; 66.02861483; 2.9; 1.3; 2; 1; 10
'BAR'; 'SPG'; 76.90337876; 56.39570785; 2.9; 0.9; 3; 1; 20
'BAR'; 'BET'; 74.42934391; 64.91061427; 3.1; 1.1; 2; 2; 10
'BAR'; 'ESP'; 75.85279736; 66.92198282; 3.0; 1.0; 1; 2; 20
'BAR'; 'AMA'; 68.29884546; 69.77782258; 2.7; 1.5; 3; 4; 10
'BAR'; 'BIL'; 69.35379106; 68.79116356; 2.8; 1.6; 2; 0; 20
'BAR'; 'ALM'; 68.14333431; 64.85988918; 2.8; 1.7; 2; 0; 10
'BAR'; 'MAL'; 69.1397782; 64.80288438; 2.7; 1.7; 6; 0; 20
'BAR'; 'VAL'; 67.37937275; 65.21378692; 3.0; 1.3; 1; 0; 10
'BAR'; 'HUE'; 66.95785379; 57.47124279; 2.6; 1.0; 2; 0; 20
'BAR'; 'GET'; 77.00833651; 67.3163931; 2.4; 1.1; 1; 0; 10
'BAR'; 'SEV'; 75.50076939; 69.31508604; 2.3; 1.6; 4; 0; 20
'BAR'; 'VAL'; 76.38673285; 71.6550589; 2.4; 1.4; 2; 2; 10
'BAR'; 'REA'; 77.22336623; 74.69827827; 2.4; 2.8; 6; 2; 10
'BAR'; 'VIL'; 76.71282622; 69.45514132; 2.9; 1.1; 3; 3; 20
'BAR'; 'MAL'; 63.37326907; 66.56235942; 2.9; 1.6; 1; 2; 10
'BAR'; 'OSA'; 62.88479997; 61.13853456; 2.8; 1.1; 0; 1; 20
'BAR'; 'COR'; 65.57095126; 67.16814648; 2.6; 1.1; 1; 1; 10
'BAR'; 'SPG'; 75.61138114; 64.94889959; 2.1; 1.1; 3; 0; 20
'BAR'; 'GET'; 68.39689165; 67.79153967; 2.3; 1.5; 2; 0; 10
'BAR'; 'AMA'; 68.87450186; 69.71483467; 2.3; 2.1; 5; 2; 20
'BAR'; 'SAN'; 76.79654526; 65.74688031; 2.7; 1.5; 4; 1; 10
'BAR'; 'MAL'; 67.65154533; 64.87234808; 2.7; 1.4; 2; 0; 10
'BAR'; 'ALM'; 76.22039213; 64.38640701; 2.7; 1.0; 1; 0; 20
'BAR'; 'VAL'; 76.40658196; 69.78038421; 2.2; 1.5; 0; 0; 10
'BAR'; 'ZAR'; 69.02803722; 67.16724951; 1.9; 1.428571429; 6; 1; 20
'BAR'; 'OSA'; 69.14199981; 67.92295129; 2.4; 1.3; 1; 1; 10
'BAR'; 'MAL'; 67.83358586; 66.52530948; 2.5; 1.4; 4; 2; 20
'BAR'; 'BIL'; 68.15844519; 68.37197164; 2.8; 1.1; 1; 1; 10
'BAR'; 'REA'; 75.99405608; 75.11246401; 2.6; 2.4; 1; 0; 20
'BAR'; 'XER'; 66.59043266; 63.33923445; 2.5; 0.4; 2; 0; 10
'BAR'; 'COR'; 77.69976205; 67.28079528; 2.2; 1.4; 3; 1; 10
'BAR'; 'ESP'; 76.84069129; 67.80583259999999; 2.1; 0.5; 1; 0; 20
'BAR'; 'VIL'; 75.39372799; 69.81589169; 2.0; 2.0; 1; 1; 20
'BAR'; 'TEN'; 76.04683841; 62.08547662; 2.0; 1.2; 5; 0; 10
'BAR'; 'SEV'; 77.69976205; 68.18767322; 2.5; 1.4; 4; 0; 20
'BAR'; 'VAL'; 77.42199981; 64.58049856; 2.3; 1.4; 3; 0; 10
'BAR'; 'SPG'; 75.92206701; 63.96286692; 2.5; 0.9; 1; 0; 10
'BAR'; 'GET'; 76.20298757; 66.28345920000001; 2.2; 1.5; 2; 1; 20
'BAR'; 'AMA'; 75.38821038; 71.11228188; 2.3; 1.8; 1; 2; 10
'BAR'; 'SAN'; 75.75248314; 64.75385141; 2.3; 1.4; 4; 0; 20
'BAR'; 'MAL'; 76.86974278; 57.89609748; 2.5; 1.1; 2; 1; 20
'BAR'; 'ALM'; 77.74176295; 65.42095289; 2.4; 1.2; 2; 2; 10
'BAR'; 'VAL'; 76.31538098; 69.68477093; 2.5; 1.0; 3; 0; 20
'BAR'; 'ZAR'; 76.06456217; 66.51917306; 2.7; 1.3; 4; 2; 10
'BAR'; 'OSA'; 77.17845716; 67.03418872; 2.6; 1.1; 2; 0; 20
'BAR'; 'MAL'; 75.8294934; 67.0880485; 2.4; 1.4; 1; 0; 10
'BAR'; 'BIL'; 66.1541895; 68.26195623; 2.2; 1.6; 4; 1; 20
'BAR'; 'REA'; 76.08388137; 74.5179822; 2.5; 3.6; 2; 0; 10
'BAR'; 'COR'; 74.83701941; 64.93287041; 2.5; 0.9; 3; 0; 20
'BAR'; 'ESP'; 76.88195185; 67.79893233; 2.7; 1.0; 0; 0; 10
'BAR'; 'XER'; 66.85396408; 63.37732969; 2.3; 1.7; 3; 1; 20
'BAR'; 'VIL'; 75.79297228; 71.04304279; 2.4; 1.4; 4; 1; 10
'BAR'; 'TEN'; 77.00867604; 54.91740939; 2.6; 1.6; 4; 1; 20
'BAR'; 'SEV'; 75.966526; 70.63572095; 2.7; 2.1; 3; 2; 10
'BAR'; 'VAL'; 75.66972245; 65.32801052; 2.6; 1.1; 4; 0; 20
'BAR'; 'SAN'; 75.7410717; 65.7303302; 2.8; 1.5; 3; 0; 10
'BAR'; 'HER'; 74.86754705; 64.1531265; 3.0; 0.0; 0; 2; 20
'BAR'; 'AMA'; 77.22270422; 71.31517663; 2.6; 1.6; 2; 1; 10
'BAR'; 'SPG'; 75.27081444; 63.74562522; 2.6; 0.7; 1; 0; 20
'BAR'; 'BIL'; 75.875326; 68.6517302; 2.4; 1.2; 3; 1; 10
'BAR'; 'MAL'; 75.98364745; 58.03285465; 2.7; 1.5; 1; 1; 20
'BAR'; 'VAL'; 76.31948743; 69.32296108; 2.5; 1.4; 2; 1; 20
'BAR'; 'ZAR'; 76.49559878; 65.59693791; 2.3; 1.2; 2; 0; 10
'BAR'; 'SEV'; 77.33666681; 68.75452364; 2.1; 1.9; 5; 0; 20
'BAR'; 'GET'; 77.44452240000001; 65.677537; 2.3; 1.7; 3; 1; 10
'BAR'; 'VIL'; 76.50200526; 70.47686129; 2.2; 2.1; 3; 1; 20
'BAR'; 'ALM'; 75.97034884; 64.39740058; 2.2; 0.8; 8; 0; 10
'BAR'; 'REA'; 76.98370538; 76.36807821; 3.0; 3.2; 5; 0; 20
'BAR'; 'OSA'; 76.98370538; 67.08890585; 3.3; 1.2; 3; 0; 10
'BAR'; 'SOC'; 76.72382344; 66.5785605; 3.5; 1.6; 5; 0; 20
'BAR'; 'ESP'; 77.33666681; 67.33356437; 3.7; 1.2; 5; 1; 10
'BAR'; 'LEV'; 75.07462375; 56.27109915; 4.1; 1.3; 2; 1; 20
'BAR'; 'COR'; 75.7334791; 64.95187372; 4.1; 1.2; 4; 0; 10
'BAR'; 'MAL'; 76.98370538; 66.62811912; 4.3; 1.6; 4; 1; 20
'BAR'; 'SAN'; 75.87102883; 65.03168163; 4.2; 0.6; 3; 0; 20
'BAR'; 'HER'; 76.29132705; 57.47958153; 4.2; 1.3; 3; 0; 10
'BAR'; 'AMA'; 76.29132705; 70.05307148; 4.2; 1.5; 3; 0; 20
'BAR'; 'SPG'; 76.48525111; 64.48323883; 3.7; 1.2; 1; 1; 10
'BAR'; 'BIL'; 75.90989454; 68.47814325; 3.3; 1.6; 2; 1; 20
'BAR'; 'MAL'; 73.92809802; 65.25571144; 3.2; 0.9; 3; 0; 10
'BAR'; 'VAL'; 75.25733409; 69.63573515; 3.0; 1.8; 1; 0; 10
'BAR'; 'ZAR'; 75.8075361; 64.49787863; 2.6; 1.0; 1; 0; 20
'BAR'; 'SEV'; 76.19919359; 69.88499412; 2.5; 1.9; 1; 1; 10
'BAR'; 'GET'; 76.44506571; 66.86121151; 2.2; 1.0; 2; 1; 20
'BAR'; 'VIL'; 73.92028681; 69.02243899; 2.0; 1.0; 1; 0; 10
'BAR'; 'ALM'; 74.40410026; 64.24535047; 1.8; 1.1; 3; 1; 20
'BAR'; 'REA'; 76.77760933; 75.46917453; 1.8; 2.4; 1; 1; 10
'BAR'; 'OSA'; 73.84229040000001; 65.75925062; 1.6; 1.6; 2; 0; 20
'BAR'; 'SOC'; 72.56638645; 66.36078103; 1.7; 0.9; 1; 2; 10
'BAR'; 'ESP'; 76.04760452; 65.72077745; 1.6; 1.2; 2; 0; 20
'BAR'; 'LEV'; 74.95412047; 65.29004350000001; 1.5; 1.3; 1; 1; 10
'BAR'; 'COR'; 70.79367951; 66.62915167; 1.5; 1.0; 0; 0; 20
'BAR'; 'MAL'; 69.05120332; 66.82184451; 1.4; 1.6; 3; 1; 10
'BAR'; 'VIL'; 75.87962086; 70.06634455; 1.6; 0.7; 5; 0; 20
'BAR'; 'SOC'; 73.20967879; 66.85423916; 1.9; 1.2; 2; 2; 10
'BAR'; 'OSA'; 76.64773073; 64.60869143; 2.0; 1.1; 8; 0; 20
'BAR'; 'VAL'; 76.28977221; 70.08356020000001; 2.5; 1.9; 2; 2; 10
'BAR'; 'AMA'; 76.14956728; 71.03291540000001; 2.6; 2.0; 5; 0; 20
'BAR'; 'SPG'; 75.33735918; 65.26467173; 2.9; 0.6; 1; 0; 10
'BAR'; 'SAN'; 76.60531096; 65.04814634; 2.9; 1.1; 3; 0; 20
'BAR'; 'SEV'; 75.77877049; 68.74436284; 3.0; 1.6; 0; 0; 20
'BAR'; 'GRA'; 76.12606521; 63.95785377; 2.9; 0.25; 1; 0; 10
'BAR'; 'MAL'; 73.6863738; 63.87486054; 3.0; 1.0; 5; 0; 20
'BAR'; 'BIL'; 76.32141700000001; 69.61137295; 3.2; 1.5; 2; 2; 10
'BAR'; 'ZAR'; 75.58874941; 64.9873785; 2.9; 1.2; 4; 0; 20
'BAR'; 'GET'; 75.59801683; 66.63389042; 3.1; 1.0; 0; 1; 10
'BAR'; 'RAY'; 76.71989303; 58.42833997; 2.3; 1.3; 4; 0; 20
'BAR'; 'LEV'; 76.38307164; 66.65037345; 2.5; 2.1; 5; 0; 20
'BAR'; 'REA'; 77.50956515; 76.01716762; 2.5; 3.9; 3; 1; 10
'BAR'; 'ESP'; 77.18028153; 66.36381707; 2.7; 1.2; 1; 1; 10
'BAR'; 'BET'; 76.05378802; 65.33976174; 2.5; 0.9; 4; 2; 20
'BAR'; 'MAL'; 76.16991766; 70.03631535; 2.9; 0.9; 4; 1; 10
'BAR'; 'VIL'; 76.29372068; 68.49569192; 3.2; 1.1; 0; 0; 10
'BAR'; 'SOC'; 74.36531454; 67.38517051; 2.7; 1.3; 2; 1; 20
'BAR'; 'OSA'; 75.10029512; 65.68610813; 2.7; 0.9; 2; 3; 10
'BAR'; 'VAL'; 76.0504152; 70.56321456; 2.5; 1.6; 5; 1; 20
'BAR'; 'AMA'; 77.53761709; 71.75600733; 3.0; 1.4; 2; 1; 10
'BAR'; 'SPG'; 74.96196172; 64.28994689; 2.8; 1.0; 3; 1; 20
'BAR'; 'SAN'; 76.80795202; 64.38732239999999; 2.6; 1.0; 2; 0; 10
'BAR'; 'SEV'; 76.59498306; 70.32436343; 2.5; 0.9; 2; 0; 10
'BAR'; 'GRA'; 75.80653688; 65.01827911; 2.6; 1.3; 5; 3; 20
'BAR'; 'MAL'; 76.92956507; 65.22005078; 2.7; 2.2; 2; 0; 10
'BAR'; 'BIL'; 75.96382161; 67.88518901; 2.5; 1.7; 2; 0; 20
'BAR'; 'ZAR'; 75.50684765; 65.37332361; 2.7; 1.2; 4; 1; 10
'BAR'; 'GET'; 75.84769197; 66.91360737; 2.9; 1.1; 4; 0; 20
'BAR'; 'LEV'; 76.29358273; 66.35283864; 3.1; 1.7; 2; 1; 10
'BAR'; 'REA'; 76.63494847; 75.95052606; 2.8; 2.8; 1; 2; 20
'BAR'; 'RAY'; 73.38139717; 64.17918355; 2.7; 1.8; 7; 0; 10
'BAR'; 'MAL'; 74.69563209; 69.20845431; 3.1; 1.5; 4; 1; 20
'BAR'; 'ESP'; 73.18482102; 66.16000174; 3.3; 1.3; 4; 0; 20
'BAR'; 'BET'; 75.69176628; 66.02813364; 3.5; 1.4; 2; 2; 10
'BAR'; 'SOC'; 76.19516703; 66.80151406; 3.2; 1.5; 5; 1; 20
'BAR'; 'OSA'; 76.885108; 65.10063613; 3.5; 1.0; 2; 1; 10
'BAR'; 'VAL'; 76.40824543; 70.16483811; 3.5; 1.6; 1; 0; 20
'BAR'; 'GET'; 73.88441191; 67.52545001; 3.2; 1.1; 4; 1; 10
'BAR'; 'GRA'; 75.3867416; 66.25540129; 3.2; 0.7; 2; 0; 20
'BAR'; 'SEV'; 76.25656674; 69.67500154; 3.2; 1.4; 3; 2; 10
'BAR'; 'REA'; 75.86992325; 76.17563429; 3.4; 2.4; 2; 2; 20
'BAR'; 'COR'; 74.66417005; 66.48594320000001; 2.9; 1.1; 5; 4; 10
'BAR'; 'RAY'; 74.45940377; 65.61214957; 3.0; 1.4; 5; 0; 10
'BAR'; 'CEL'; 76.2444687; 64.23120296; 3.1; 1.111111111; 3; 1; 20
'BAR'; 'MAL'; 76.79671826; 64.67409753; 3.2; 0.8; 4; 2; 10
'BAR'; 'ZAR'; 75.98395699999999; 58.34888847; 3.1; 1.4; 3; 1; 20
'BAR'; 'LEV'; 76.62638309; 66.74387797; 3.2; 1.4; 4; 0; 10
'BAR'; 'BIL'; 75.81278039; 67.90790974; 3.5; 1.3; 5; 1; 20
'BAR'; 'BET'; 75.99540666; 66.06786269; 3.6; 1.5; 2; 1; 10
'BAR'; 'AMA'; 76.18872044; 71.91364323; 3.6; 2.0; 4; 1; 20
'BAR'; 'VAL'; 75.74718424; 64.57911192; 3.7; 1.3; 3; 1; 10
'BAR'; 'ESP'; 76.62638309; 67.37454992; 3.8; 1.1; 4; 0; 20
'BAR'; 'MAL'; 76.44375682; 70.27955564; 3.7; 1.4; 3; 1; 10
'BAR'; 'SOC'; 76.62638309; 68.14434720000001; 3.5; 1.8; 2; 3; 10
'BAR'; 'OSA'; 75.91577491; 64.42705638; 3.4; 0.8; 5; 1; 20
'BAR'; 'VAL'; 76.44375682; 69.12611908; 3.5; 1.7; 1; 1; 10
'BAR'; 'GET'; 75.36755899; 66.52323785; 3.3; 1.4; 6; 1; 20
'BAR'; 'GRA'; 75.57393168; 65.78795575; 3.5; 1.1; 2; 1; 10
'BAR'; 'SEV'; 75.40609674; 69.23673271; 3.2; 1.4; 2; 1; 20
'BAR'; 'REA'; 75.809333; 73.14516593; 3.2; 2.5; 1; 2; 10
'BAR'; 'COR'; 73.52591722; 66.33127779; 2.9; 0.8; 2; 0; 20
'BAR'; 'RAY'; 75.18032073; 65.02422544; 2.8; 1.4; 3; 1; 20
'BAR'; 'CEL'; 72.61924705; 64.82311973; 2.7; 0.8; 2; 2; 10
'BAR'; 'MAL'; 72.92306324; 65.30646229; 2.6; 1.4; 5; 0; 20
'BAR'; 'ZAR'; 73.17826548; 64.67231239; 2.9; 0.7; 3; 0; 10
'BAR'; 'LEV'; 73.23528779; 66.7100525; 2.7; 0.9; 1; 0; 20
'BAR'; 'BIL'; 74.61605301; 69.39495296; 2.7; 0.6; 2; 2; 10
'BAR'; 'BET'; 74.43233657; 66.06468975; 2.3; 1.8; 4; 2; 20
'BAR'; 'AMA'; 75.01941164; 71.46812854; 2.5; 1.3; 2; 1; 10
'BAR'; 'VAL'; 75.09302755; 64.1628953; 2.5; 2.4; 2; 1; 20
'BAR'; 'ESP'; 75.2705674; 65.81047889; 2.6; 1.2; 2; 0; 10
'BAR'; 'MAL'; 74.20184298; 70.40588891; 2.6; 1.2; 4; 1; 20
'BAR'; 'LEV'; 76.59824543; 65.48822875; 2.7; 0.7; 7; 0; 20
'BAR'; 'MAL'; 75.46732857; 66.20784974; 3.2; 1.3; 1; 0; 10
'BAR'; 'VAL'; 76.50590558; 69.54702686; 2.8; 1.2; 3; 2; 10
'BAR'; 'SEV'; 76.17780259999999; 66.89956288; 2.8; 1.3; 3; 2; 20
'BAR'; 'RAY'; 75.21296798; 64.52695206; 3.0; 1.3; 4; 0; 10
'BAR'; 'SOC'; 76.79155922; 65.60133541; 3.2; 1.3; 4; 1; 20
'BAR'; 'ALM'; 75.61388702; 63.35251397; 3.2; 1.4; 2; 0; 10
'BAR'; 'VAL'; 73.83126873; 63.37828558; 3.2; 1.2; 4; 1; 20
'BAR'; 'OSA'; 74.21511104; 64.48061212; 3.4; 1.0; 0; 0; 10
'BAR'; 'REA'; 77.12084284; 74.7419685; 3.2; 2.3; 2; 1; 20
'BAR'; 'CEL'; 75.00911068; 64.96032297; 3.0; 1.3; 3; 0; 10
'BAR'; 'ESP'; 76.42383435; 64.5600254; 2.6; 1.0; 1; 0; 20
'BAR'; 'BET'; 75.00811545; 63.95178434; 2.6; 0.9; 4; 1; 10
'BAR'; 'GRA'; 72.76448793; 64.6493215; 2.7; 0.8; 4; 0; 20
'BAR'; 'BIL'; 74.35633159; 69.07646594; 2.8; 1.4; 0; 1; 10
'BAR'; 'VIL'; 72.59860617; 64.62900584; 2.4; 1.5; 2; 1; 20
'BAR'; 'GET'; 73.9852022; 67.10445141; 2.2; 1.1; 5; 2; 10
'BAR'; 'ELC'; 74.05309653; 64.95561032; 2.5; 1.0; 4; 0; 20
'BAR'; 'AMA'; 76.28830500000001; 72.18187895; 2.5; 2.6; 0; 0; 10
'BAR'; 'LEV'; 75.64163168; 66.57988589; 2.5; 0.9; 1; 1; 10
'BAR'; 'MAL'; 76.64033297; 66.55902801; 2.4; 0.8; 3; 0; 20
'BAR'; 'VAL'; 76.64033297; 68.58906397; 2.4; 1.0; 2; 3; 20
'BAR'; 'SEV'; 74.55635074; 67.98252451; 2.5; 2.1; 4; 1; 10
'BAR'; 'RAY'; 76.6464443; 65.0076066; 2.5; 1.3; 6; 0; 20
'BAR'; 'SOC'; 73.7964688; 66.52311142; 2.7; 2.0; 1; 3; 10
'BAR'; 'ALM'; 76.80892364; 62.76308086; 2.8; 0.8; 4; 1; 20
'BAR'; 'VAL'; 76.40166928; 63.33330854; 3.0; 1.4; 0; 1; 10
'BAR'; 'OSA'; 75.81519153; 63.87000199; 2.5; 1.0; 7; 0; 20
'BAR'; 'REA'; 76.75202129; 74.94361308; 2.8; 2.5; 4; 3; 10
'BAR'; 'CEL'; 74.86305007; 63.92965027; 3.2; 1.0; 3; 0; 20
'BAR'; 'ESP'; 75.55257225; 66.45777724; 3.4; 1.1; 1; 0; 10
'BAR'; 'BET'; 74.88191941; 63.10524711; 3.2; 0.9; 3; 1; 20
'BAR'; 'GRA'; 74.19016594; 64.57919436; 3.3; 0.9; 0; 1; 10
'BAR'; 'BIL'; 74.69191941; 68.03661749; 2.9; 1.6; 2; 1; 20
'BAR'; 'VIL'; 74.88191941; 67.804177; 2.5; 0.8; 3; 2; 10
'BAR'; 'GET'; 74.88191941; 66.24295346; 2.7; 0.7; 2; 2; 20
'BAR'; 'ELC'; 74.75075439; 64.19200793; 2.5; 0.6; 0; 0; 10
'BAR'; 'AMA'; 75.76920962; 72.52152542; 2.5; 1.3; 1; 1; 20
'BAR'; 'ELC'; 73.61460113; 63.47312424; 1.9; 0.6; 3; 0; 20
'BAR'; 'VIL'; 73.3987848; 67.71970291; 1.8; 1.3; 1; 0; 10
'BAR'; 'BIL'; 72.61589983; 68.64145247; 1.6; 1.7; 2; 0; 20
'BAR'; 'LEV'; 74.80490126; 64.27528749; 1.7; 0.6; 5; 0; 10
'BAR'; 'MAL'; 72.89129452; 66.61779489; 1.9; 0.7; 0; 0; 10
'BAR'; 'GRA'; 73.51036483; 63.00467962; 1.9; 0.6; 6; 0; 20
'BAR'; 'RAY'; 73.86398493; 65.70771683; 2.3; 1.4; 2; 0; 10
'BAR'; 'EIB'; 74.28874545; 62.68369476; 2.2; 1.142857143; 3; 0; 20
'BAR'; 'REA'; 76.54314761; 74.7816009; 2.3; 3.3; 1; 3; 10
'BAR'; 'CEL'; 73.86919212; 64.23861852; 2.4; 1.7; 0; 1; 20
'BAR'; 'ALM'; 72.30121461; 61.47590832; 2.3; 0.8; 2; 1; 10
'BAR'; 'SEV'; 75.15705592; 67.31802174; 2.2; 1.7; 5; 1; 20
'BAR'; 'VAL'; 75.57971327; 68.86646816; 2.6; 2.0; 1; 0; 10
'BAR'; 'ESP'; 75.70891740000002; 64.57662031; 2.5; 1.1; 5; 1; 20
'BAR'; 'GET'; 75.15705592; 65.53915632; 2.5; 0.9; 0; 0; 10
'BAR'; 'COR'; 74.33000948; 60.68244079; 2.5; 0.6; 5; 0; 20
'BAR'; 'SOC'; 72.75119862; 67.73244244; 2.4; 0.9; 0; 1; 10
'BAR'; 'AMA'; 75.77106616; 71.14250393; 2.2; 2.2; 3; 1; 20
'BAR'; 'COR'; 75.77106616; 65.08250347; 2.2; 0.7; 4; 0; 10
'BAR'; 'ELC'; 72.89140092; 64.40054569; 2.5; 1.0; 6; 0; 10
'BAR'; 'VIL'; 75.21929535; 67.71683417; 3.1; 1.9; 3; 2; 20
'BAR'; 'BIL'; 75.15705592; 67.46520239; 3.2; 1.1; 5; 2; 10
'BAR'; 'LEV'; 73.20731795; 64.81928321; 3.2; 0.8; 5; 0; 20
'BAR'; 'MAL'; 74.66743387; 64.50505455; 3.6; 0.9; 0; 1; 20
'BAR'; 'GRA'; 74.36041888; 63.92425915; 3.1; 0.7; 3; 1; 10
'BAR'; 'RAY'; 76.20516781; 65.28325606; 3.4; 1.2; 6; 1; 20
'BAR'; 'EIB'; 71.45709318; 63.06503201; 3.5; 0.7; 2; 0; 10
'BAR'; 'REA'; 75.44102287; 74.88130764; 3.7; 1.8; 2; 1; 20
'BAR'; 'CEL'; 74.62534633; 64.86759; 3.6; 1.1; 1; 0; 10
'BAR'; 'ALM'; 73.79976218; 60.42816577; 3.3; 0.7; 4; 0; 20
'BAR'; 'SEV'; 75.21920468; 67.30273834; 3.1; 2.1; 2; 2; 10
'BAR'; 'VAL'; 75.53762572; 68.52407879; 3.0; 1.8; 2; 0; 20
'BAR'; 'ESP'; 75.21929535; 63.58603004; 2.7; 1.1; 2; 0; 10
'BAR'; 'GET'; 73.54474234; 58.53232217; 2.4; 1.0; 6; 0; 20
'BAR'; 'COR'; 75.77106616; 61.83621229; 3.0; 0.6; 8; 0; 10
'BAR'; 'SOC'; 74.29037005; 67.43249337; 3.5; 1.2; 2; 0; 20
'BAR'; 'AMA'; 75.32871078; 70.84944537; 3.1; 1.6; 1; 0; 10
'BAR'; 'COR'; 70.59523459; 65.00160773; 3.0; 0.6; 2; 2; 20
'BAR'; 'BIL'; 75.41057816; 66.29536431; 3.0; 1.5; 1; 0; 10
'BAR'; 'MAL'; 74.31105663; 66.15388691; 3.0; 1.0; 1; 0; 20
'BAR'; 'AMA'; 72.51396809; 70.93273629; 2.7; 1.4; 2; 1; 10
'BAR'; 'LEV'; 71.19390214; 62.54324436; 2.7; 0.8; 4; 1; 20
'BAR'; 'CEL'; 75.06423334; 64.62795657; 2.9; 2.0; 1; 4; 10
'BAR'; 'LAS'; 73.11231749; 62.71450861; 2.8; 1.0; 2; 1; 20
'BAR'; 'SEV'; 71.45454513; 66.24706863; 2.4; 1.3; 1; 2; 10
'BAR'; 'RAY'; 71.57614003; 64.84531146; 1.7; 1.2; 5; 2; 20
'BAR'; 'EIB'; 72.15192495; 62.16039694; 2.0; 1.5; 3; 1; 20
'BAR'; 'GET'; 71.48363604; 66.57934749; 2.2; 1.3; 2; 0; 10
'BAR'; 'VIL'; 72.30992975; 67.08082850000001; 2.2; 1.5; 3; 0; 20
'BAR'; 'REA'; 73.94497120000001; 73.85790419; 2.4; 2.6; 4; 0; 10
'BAR'; 'SOC'; 75.77900266; 66.87340574; 2.7; 1.4; 4; 0; 20
'BAR'; 'VAL'; 75.77106616; 65.75379218; 2.9; 1.5; 1; 1; 10
'BAR'; 'COR'; 75.77106616; 65.53082261; 2.6; 1.5; 2; 2; 20
'BAR'; 'BET'; 73.94444768; 64.05420398; 2.7; 0.8; 4; 0; 20
'BAR'; 'ESP'; 75.77106616; 61.77784404; 2.9; 0.9; 0; 0; 10
'BAR'; 'GRA'; 72.93145388; 61.93374419; 2.8; 1.2; 4; 0; 20
'BAR'; 'BIL'; 74.66561161; 67.18601983; 2.7; 1.4; 6; 0; 20
'BAR'; 'MAL'; 74.59232443; 66.5095539; 3.0; 1.0; 2; 1; 10
'BAR'; 'AMA'; 75.77106616; 69.50850891; 3.0; 1.4; 2; 1; 20
'BAR'; 'LEV'; 74.92245372; 64.23129619; 2.9; 1.1; 2; 0; 10
'BAR'; 'CEL'; 75.12329288; 63.90576373; 2.7; 1.0; 6; 1; 20
'BAR'; 'SPG'; 73.57465725; 62.26610269; 2.9; 1.4; 3; 1; 10
'BAR'; 'LAS'; 74.72793255; 63.14278913; 3.1; 1.2; 2; 1; 10
'BAR'; 'SEV'; 72.96897151; 66.27239329999999; 3.1; 1.5; 2; 1; 20
'BAR'; 'RAY'; 74.67948113; 61.41112048; 2.9; 1.8; 5; 1; 10
'BAR'; 'EIB'; 75.27406081; 61.98544376; 3.4; 1.9; 4; 0; 10
'BAR'; 'GET'; 71.96177055; 58.38394063; 3.4; 0.7; 6; 0; 20
'BAR'; 'VIL'; 74.17453928; 66.94543577; 3.4; 0.9; 2; 2; 10
'BAR'; 'REA'; 75.77106616; 73.33863487; 3.4; 3.0; 1; 2; 20
'BAR'; 'SOC'; 72.57900185; 66.04558972; 3.3; 1.5; 0; 1; 10
'BAR'; 'VAL'; 74.67154462; 68.00156537; 3.1; 1.0; 1; 2; 20
'BAR'; 'COR'; 74.75261093; 64.60979383; 2.6; 1.1; 8; 0; 10
'BAR'; 'SPG'; 74.67154462; 55.10255969; 3.1; 0.8; 6; 0; 20
'BAR'; 'BET'; 75.77106616; 64.33053843; 3.5; 1.2; 2; 0; 10
'BAR'; 'ESP'; 75.70407011; 62.08890786; 3.5; 1.0; 5; 0; 20
'BAR'; 'GRA'; 75.70407011; 63.69855377; 3.5; 1.7; 3; 0; 10
